6.8628615002231115	37.480821870229384	14.690442069147293	0.5357495652511052	0.6797443014410178	6.047946624974227	62.596906816808	-1.0209821716740812	1.7838845337754607	400.3991265053001	17.381113477211443	457.80646927739093	8.445117257863068
6.8628615002231115	32.27104804194126	14.19462155714504	0.5182098538675205	0.7235225891843511	6.368107905036327	21.210147125525936	5.766472568144726	14.92118158686964	646.6953214955499	19.733191942636733	426.5324233719077	10.5976290199412
6.8628615002231115	41.839731628313274	16.383179530250434	0.42569881349167743	0.7284301584448789	6.537430708733605	43.38081462929699	3.3461322998835357	13.260307681161631	585.9848058457478	18.668109613536103	441.183407006206	10.9932131562659
6.8628615002231115	30.18678586542131	10.881207390978224	0.30122585102759825	0.6154928657806009	6.8787842947209015	16.34804761042892	5.01990985518295	3.980324543342732	303.975337102857	16.08338962452321	551.6944375325107	7.605106933872294
6.8628615002231115	41.895896827994164	18.07087702533593	0.49763215589443865	0.6768168842843139	6.118177303839627	49.498931251882645	1.4968004923895148	5.100859318570361	508.654135860259	18.51515969722077	409.2243829957667	12.099102583973577
6.8628615002231115	40.07878489681704	11.242097971876165	0.6586435322085998	0.8219785008679227	5.681197715202515	41.618406680689475	8.159109078937256	9.95161311043208	305.9036597242918	16.640484599508166	434.38044508975133	7.86998082358649
6.8628615002231115	40.19829721681188	16.598732617617586	0.3920099627072078	0.7089825972865778	5.603035235934836	77.81715465640787	1.5850638960894448	4.911633781430416	868.6209062359732	20.953303099546755	351.1499302911537	14.912420954365738
6.8628615002231115	30.278903673780036	12.653611197201784	0.5494849068527833	0.8393165904612558	6.110570551285126	59.085841001611776	5.636345083564106	13.81157483609572	392.2029106953747	18.597050153188682	405.16729229789524	5.180563185592926
6.8628615002231115	36.668490739469334	16.731965716695907	0.4315648108113981	0.6187055157810377	6.702653117466581	15.546664625075458	4.349359163511123	15.34361186264388	721.4870296087324	20.681485421698508	362.5468422984279	11.67197580503157
22.3987585397657	16.986630769512526	18.744452509574955	-0.18944870833872213	0.5626507438695036	6.889671815330081	106.47740253699618	2.607344000329046	1.8212442092989178	607.4945790888175	18.869617438546808	310.2776783466301	18.31096843188427
24.988074713022797	-9.020221985949231	7.438763900752329	-0.16108800295384862	0.6059756834696167	6.641770163703369	154.65416426889652	5.623981174105582	6.22209088600545	365.32419714106544	15.599443016146529	14.696573451287463	0.3818012416860128
9.45217767348021	-15.323884037119054	5.639002141863785	-0.040922701938011716	0.30923966508808776	5.028729034735881	35.62224270862461	3.984403803916533	14.944953814347574	194.68420065309613	17.893318622916027	269.879292779603	8.396469764070606
14.630810019994406	-63.25529124811155	-12.959078823965932	-0.015036625500157538	0.5128062262097473	7.613355811953433	31.234944102623743	5.114050787757606	20.03606607817354	282.9674097657043	19.040168139194055	348.2451577723322	14.332655671737967
12.041493846737307	-15.238174050163423	6.815415296483446	-0.10306140060697948	0.43249967515841153	6.569392089459751	32.30886076491439	4.98429705373107	-4.934853034259088	258.28123124200437	15.932255424176248	556.5468859885395	27.487850792386478
1.6842291537089142	-9.079612599088072	9.838120245547817	-0.2578428767077448	0.5423393495687381	5.475664400429646	66.61577373794553	3.8335150788799606	5.6984399288938015	480.0437385875066	19.463296591602703	407.4211369903832	10.797504475189813
12.041493846737307	-26.564191904958722	0.1103550207420465	-0.020784595089688482	0.5187669147594947	6.807174309897829	42.83782741603571	3.739864442731095	4.999429599570713	348.68354550850336	19.136101242513664	458.3779464536053	24.925487340396785
9.45217767348021	-32.67097471865597	-4.4816832020827135	-0.5001631801401963	0.46213719269530973	7.457487909571208	85.17975947155871	-2.7001288747182013	-12.827615792647476	702.1526727747057	18.290947093633118	375.75835040395975	4.977899072143247
-16.440984059090773	0.6802304915577277	7.802414074945183	0.40008494687563845	0.7680313233033722	5.187378605278563	68.12288849707024	6.366527073316734	7.135585469989006	141.68787646911574	16.510482667761874	487.7389342051474	9.191148179164955
-3.494403192805283	-16.246954363268348	13.053106744193474	0.4287040889922563	0.7927491739527324	6.091843003170885	116.62281241303347	4.2112643620114305	7.457178300139941	223.745538457108	18.616453327133236	436.67373135497706	12.588536417954556
-29.38756492537626	-6.525214156938958	10.387377111352277	0.15194200585146664	0.46463243255606135	6.946986024016315	51.980327463592374	0.7086811385189575	6.354841414730547	446.287844063959	18.14522006212407	391.58690617395297	16.303815478536787
4.273545326966013	-17.22068518346364	-3.226933783930729	0.05995396031247735	0.4227284426802122	7.007528107018438	85.51321658882546	3.56699074558568	34.13792097085483	501.8825948056864	24.270226377851905	285.6201690821433	28.801706026751674
4.273545326966013	0.6520188751789568	11.213802768092116	0.08471969789596451	0.4720343030683485	6.967105988502116	88.1538669556096	3.412310260895567	35.129955649822875	568.0805296475684	25.84727730984289	184.7340173131332	26.808018077101792
17.220126193251502	4.00404056271993	5.182316346587796	-0.1033482124548419	0.41962227265544316	8.691799470889483	84.62319845938141	-0.6283150169645069	12.34689438960228	543.743255660792	22.948241894555114	259.05726297640547	10.640666771073374
4.273545326966013	-34.344233209609015	-4.296457930926518	0.3113136192755366	0.6040513264558832	7.082752497325478	119.81773211165844	1.979286335362793	35.33458029474775	656.8509437397541	24.453593701123584	382.62033280336004	35.397117762648165
-3.494403192805283	12.84618901631303	13.721268991969175	0.016312457844235725	0.5287513157688056	6.57625561717177	78.57968484590302	4.542387258814996	13.121367314993575	539.8183611766777	16.750570292614256	360.28249877003134	17.82568515894674
-3.494403192805283	5.198991740617069	13.30771793819542	-0.05139573412209604	0.5737393662131637	5.795694124269628	94.41780496083591	4.3731405495734705	8.296661938487503	320.08441048678145	18.195470417997303	330.1480021891146	12.260528603618518
-6.083719366062381	19.84903469413841	17.402820727686727	0.014709359430027387	0.4499388216532355	5.107410505560232	55.951139610905145	3.9683526242066853	9.926180194859691	251.04996510036852	18.623619574927663	312.5380493425207	6.817408270845153
-3.494403192805283	9.4180905766775	11.801441289723696	-0.1395720132196963	0.5068811005118145	6.316470957646861	63.409395637638205	5.816082930670568	9.21901739670929	582.0261246085421	18.30832799309547	348.4179629363414	12.649489676715682
-3.494403192805283	0.024482432802420462	10.716016473742746	-0.30687169785144225	0.5794477775237923	6.716845366542028	96.46713128756954	4.173449245466661	12.334177931816086	416.4340942774442	18.291250268226005	333.91084172922325	21.7317522159305
-3.494403192805283	-11.324887415428375	8.639847134827697	-0.20957929099895106	0.47343887928019346	5.473540513379779	79.88999714905574	6.23393203131452	10.265959301625402	329.8077875364368	16.856947927238156	233.36490899411638	6.917313572211307
-3.494403192805283	18.471568120034746	11.645433803453097	0.12082100742921739	0.4850665760550257	7.175905604666063	47.774811993204466	5.112216194984059	12.064414828696917	335.06072666206256	16.64661805473343	305.34010419404507	8.815295420925716
-3.494403192805283	4.121316596050586	9.93393175994533	-0.11783437875829424	0.5013879435300579	6.722046584189688	93.10290929701024	5.538999139517593	15.180237316400802	231.42887135510634	16.75971883582369	247.7829319721723	9.622587650441174
-3.494403192805283	-2.998676098567124	7.3214005006221905	-0.3744118708717718	0.5808876037177877	7.006832350915896	87.08305287592833	5.786158773404788	17.523003689535233	302.147924250655	17.73964908339121	399.8083459473567	8.735559252130074
-3.494403192805283	1.814758924009464	12.166385685461831	-0.14894906451426104	0.4879189044923556	6.208542865937667	55.068349088676136	4.389579545718471	15.11814151751242	321.38497523577865	19.365367866512354	396.00975361469443	18.59015851457255
-3.494403192805283	21.15395096819485	17.424129743129374	-0.03644230298513197	0.4124611032047047	5.601604392488087	67.55282419921805	4.047435026392558	9.332037092759736	205.5637603935382	18.669065779559812	193.71052201499103	5.316615658233965
-0.9050870195481844	17.455304847707414	12.60707627163978	-0.044893751615496816	0.48357220624959607	6.227063359929125	77.99770381030119	3.123652259035442	3.418315175210264	600.3477798299102	18.87747332525032	370.6553486477337	8.407308240857896
4.273545326966013	41.43436166491952	20.41177498033297	0.14636632741643202	0.49301930575583114	5.909886733401128	51.285736781918445	2.2416933843273945	7.360602900185617	374.3925616707894	17.17908259273829	367.01395510137866	11.622015047783954
4.273545326966013	35.68865313646033	18.316014648026574	-0.024832608284374558	0.45769235766792393	6.101961078109807	57.09253744494971	2.704342316172028	8.855837684976292	347.30279353216935	17.83950346688471	313.5669352615641	10.401377199041068
6.8628615002231115	39.07426212947664	18.04679211657891	0.1728158890253756	0.5179657598397298	5.933417213830775	74.27784828814222	2.4120091005300663	9.28239064797802	423.1002206623717	18.270954228447465	381.0778551817606	20.747055928065734
4.273545326966013	9.58452191110713	10.559278746600251	-0.02607033722587243	0.4678076424866992	5.40824477513514	62.573531677376	2.392752909348361	6.369218560611192	302.0918382405233	18.29509492185444	289.1965833467937	2.26634240639644
4.273545326966013	1.6346088310054157	4.792600811273291	-0.1012165717091681	0.7528111527559365	5.565357262670257	139.26295707619596	8.226504743367435	-4.618985513412801	195.35362885434648	15.088697106394507	338.8557934421765	4.649656167435605
4.273545326966013	17.280229405210513	9.61055241383524	0.0231219755981094	0.4771123862957879	6.4382852380797	70.16823082568045	3.9992473272661373	2.239644703473333	325.44434099719655	16.510079545501007	322.5831652884815	4.465021053518408
4.273545326966013	19.032962083767153	15.986049116082675	-0.14335616971663795	0.4357940884310556	5.742874075047574	79.57836387991631	1.0008073847680659	9.468306422132517	444.892676406306	17.135375477529053	407.2698970028349	20.78790490677265
4.273545326966013	41.030969955113335	16.05458417791251	0.1749001528917782	0.4993634682238258	5.72157733789451	52.65168403231656	3.6662436212226597	8.259952602357677	395.9879280216907	17.673756917478546	386.888535228691	11.122277770275195
-0.9050870195481844	10.00081527474509	9.799122448985033	-0.00540222146704844	0.6132140274374895	5.727249174192428	87.14221348522983	6.198130345174015	16.18659107523221	395.02478031356605	20.72214080144531	287.0253105799653	4.007899985785846
4.273545326966013	28.193136304313022	23.057273029017963	-0.025997964738695048	0.6158626777235175	5.988266212622816	53.46195168605142	5.2070644404352615	6.396857984840546	375.19173100391066	18.908783598040657	382.8535772119242	14.207360610238837
4.273545326966013	23.73243249749658	17.166754065826673	-0.019277844541669586	0.5099438859431675	5.799071638137135	64.65377806034171	5.607088050943252	7.840309495413288	483.0669772541225	18.517861615845263	256.88286893403665	13.303867779351085
4.273545326966013	21.896398140699567	9.934350670445502	0.0859914132124981	0.44766853508094173	5.582889050621259	57.99873836323128	1.6206545940139332	-2.8294140869864393	611.2124733989921	18.334391013316665	373.08199850423085	16.537981701781085
4.273545326966013	33.00816253086221	10.80942210526767	0.09929092578346495	0.5407375611786485	6.494306488706629	79.3930198256267	2.298841049693951	7.446145756855115	246.44956079944748	16.630946260393596	405.7841698456063	13.693825959886423
12.041493846737307	21.885861790070322	13.314606326420053	-0.01583686753899112	0.5556280713900549	6.7433916942491665	42.441014151620706	4.4807465491530944	2.8614040033957284	457.2038934977398	16.607731748709934	451.3976393359918	12.94342560029856
12.041493846737307	32.30571048523591	20.721357989970443	0.11003769813270564	0.5380807762813549	5.924820851069343	71.17561824497234	3.2433830480954375	9.179683476598022	-47.60871458586735	16.163804186593897	386.0080517739774	8.143755721163394
