225.7022221458912	160.35097322749215	50.82323699487789	230.64610634914118	8.30737876520003	909.9946953604098	787.8838078735046	-128.61249806834599
225.7022221458912	138.73202693117747	46.266527475849685	228.76574243919998	10.042482448349752	943.790581759796	680.9685650702521	74.93167724235607
225.7022221458912	178.4390974103153	66.37990057677754	218.8479953457871	10.236988490915357	961.6641179896263	738.2424931805307	2.349806311507166
225.7022221458912	130.08298504437622	15.815455957076814	205.50373549667867	5.760844663280439	997.697041807935	668.408206296872	52.54353653976606
225.7022221458912	178.67216557711933	81.89024566121238	226.5596878598489	8.191353846169568	917.4081716065895	754.0475460303228	-53.108496109861036
225.7022221458912	171.13171438877686	19.13212702149979	243.82108826091024	13.944672867298777	871.2810679994141	733.6896295316413	146.68275980214077
225.7022221458912	171.62765346653242	68.36088518972828	215.23634531363223	9.466206061235106	863.0303192845398	827.202578065588	-50.46162737852018
225.7022221458912	130.4652453914623	32.10427237325605	232.11861864274033	14.631848740611762	916.6052108452185	778.813601437194	71.02937622532926
225.7022221458912	156.98005086703012	69.58532935071744	219.47686599334733	5.888174468436599	979.1048208600346	666.3379776272061	32.43486653425428
357.5397864298863	75.3064335994842	88.0805660423144	152.90043360755945	3.66650600638873	998.8463169782724	901.2411687600888	-19.8051930109677
379.51271381055216	-32.61394290585008	-15.82142602120988	155.9408739945148	5.383641740730992	972.6780805976222	1025.6971594310755	70.65860369706654
247.67514952655705	-58.77218620892587	-32.361668589216215	168.82332629466316	-6.377159902210832	802.4071635724616	718.1996193993316	21.490478609557133
291.62100428788875	-257.67266683530454	-203.28249683495895	171.5984713833831	1.690974055862985	1075.2376349233805	706.8658232961841	55.36666232379155
269.6480769072229	-58.416516334162665	-21.55014931923281	162.1616792565488	-1.4918866655786136	965.0379275645345	709.6400936559738	51.475569447550825
181.7563673845595	-32.860395538588605	6.229234714303622	145.56816211009837	2.8614865120725925	849.5851884851709	798.2658270475713	16.96558344950893
269.6480769072229	-105.4159792329922	-83.17126269501384	170.98225402750865	1.9272193087018215	990.1379674824171	736.8397834690691	14.157160817912516
247.67514952655705	-130.75723473543297	-125.37319620758262	119.58994939863828	-0.3172366623811369	1058.7843838581716	846.2225421156381	-178.96723986746755
27.945875719898567	7.63992762159377	-12.479393632010748	216.10203280823228	11.806536560173837	819.1540445892164	802.1591867018697	92.92628701561671
137.8105126232278	-62.602641899801895	35.77573234258088	219.17017918719327	12.786201044831092	914.6283506562376	927.4500086964883	28.293639290254973
-81.91876118343066	-22.260433897190936	11.277037151310097	189.4995978761954	-0.21834060920255194	1004.8963442815583	760.4577864174653	-76.74284949845813
203.72929476522535	-66.64332293562056	-113.8417478723789	179.63791901530917	-1.879158583595042	1011.2871025866385	847.0839685458052	8.972973892591682
203.72929476522535	7.522858159554318	18.872087306916477	182.29295695388362	0.07502428581946763	1007.0201864713132	853.9056133720537	4.3343703365038735
313.5939316685546	21.432708996753192	-36.55872066787165	162.1309312792378	-2.0022681734918484	1189.0770079371057	844.7847669383682	-116.83708073729886
203.72929476522535	-137.70073874310174	-123.67093150531437	206.58520570621852	5.307371993458099	1019.2277097355939	935.7035085564288	-38.63956971968574
137.8105126232278	58.12488390928362	41.91630378122475	174.95928409240545	2.32293992406411	965.762434296921	829.1724375318234	38.22344943852444
137.8105126232278	26.391385936125218	38.11567033077475	167.70055344419112	4.1059912046756555	883.3671879487697	870.0873695116716	33.148029685885916
115.83758524256194	87.18452250784304	75.75064792966269	174.7874221765371	-0.8007055145121367	810.7126964876243	770.7156647346576	21.009131143969178
137.8105126232278	43.89933813557907	24.27262637387245	158.24751916660293	1.4561382970529841	938.3398401596658	789.9827264697408	76.41940728465715
137.8105126232278	4.918776467359905	14.297311776263896	140.3119738063471	4.332237730078272	980.6029396750661	875.3814351365284	27.15962852975176
137.8105126232278	-42.17758996483465	-4.78318279937335	150.74231251351404	0.13069309983807376	849.3609932125618	832.5573934714683	88.94998816587307
137.8105126232278	81.4684632561306	22.838880127961453	186.1632372602903	0.5915439128905309	1029.0608533088005	749.5935943187524	55.311646019825375
137.8105126232278	21.919368178127563	7.109765529627502	160.57792600368288	1.238423137267712	981.1519747136714	866.6905732848707	68.1101376211219
137.8105126232278	-7.626394223168802	-16.900023839599648	133.07125581269358	4.389303637884989	1011.2136593076804	851.1393579758774	75.52203291591206
137.8105126232278	12.34786889912818	27.626552969729765	157.24224214405916	0.7045927741475015	926.9470648496751	768.4351343492742	33.64100710400998
137.8105126232278	92.59952050580469	75.94648289646652	169.30365235641457	-2.286093149984395	862.8792809623159	800.6865282170555	23.380677320193453
159.78344000389365	77.25128572952367	31.67660523738192	168.39760557812306	0.5323162297844561	928.9020686242553	827.6689943004036	-4.321990138471875
203.72929476522535	176.75693773168132	103.40365976248336	188.90185118165806	0.9067414984119768	895.4212390979566	758.663436438535	-30.770430487879878
203.72929476522535	152.91402857570893	84.14311925507718	170.54828235307295	-0.4934027489175925	915.6964039547187	773.6642605530368	-16.896379182867854
225.7022221458912	166.9632563181712	81.66889956854097	191.73740531339652	1.895466425624086	897.90509174675	818.0594172445699	-25.662953042240247
203.72929476522535	44.58997657779345	12.856854441457614	170.41559027046202	-0.09249469951956435	842.4684440834108	787.8234224090089	-26.240413328010064
203.72929476522535	11.600301861806258	-40.14029998234886	162.35945615284982	11.203302049727638	859.0530722421684	985.9367465280723	148.70384067292443
203.72929476522535	76.52477691860516	4.137831716872569	175.68930587830963	0.27628845957904424	951.1984268773747	807.4429603848139	21.93561052346527
203.72929476522535	83.79807416689717	62.73017674581669	157.84183453754582	-1.3613162641802043	877.7915593694104	831.7523450239903	-67.98248229769308
203.72929476522535	175.082987192154	63.36003041477055	191.96085109693695	1.1581853129634965	875.54349830043	762.1921152484277	11.949398118336724
159.78344000389365	46.31746498105846	5.870835603098726	172.63133818725794	5.670525443268517	876.1422113464397	851.2921887593221	87.87635674444334
203.72929476522535	121.80995742055828	127.71642183909267	170.42334904197114	5.775501747814889	903.6948940986657	764.2852958593498	58.15598290899445
203.72929476522535	103.2994194928458	73.58113864316906	171.14378686518296	1.5775283869028822	883.7237147435042	793.1973644326029	70.15200778529913
203.72929476522535	95.68044610435498	7.1136154176768045	182.4292925829389	-0.8906857946109659	860.9037092519131	776.0052674820478	-49.39432313334068
203.72929476522535	141.79082354604964	15.155731950495259	183.85508134943254	2.7980014129849944	957.1119708942277	831.2735420272269	-29.05666960639246
269.6480769072229	95.63672351563605	38.178976272005755	171.51268056185063	3.388170203122847	983.4051419755358	735.8146878387528	36.37494983231812
269.6480769072229	138.87586532508567	106.24880193146657	185.00720081319852	2.6927027021798264	896.997668777686	810.0453644225772	-0.7314682635271907
225.7022221458912	109.10470851745433	35.26365229169569	182.33606427823293	3.20693241813073	958.0225434775939	694.9578643451011	-6.172237250499684
269.6480769072229	100.1513931050778	78.8989425673378	198.85800932098255	2.1028935190229374	1014.046307879739	802.3177554706285	85.37838756085759
225.7022221458912	168.2908168793167	68.25150043277873	173.88205899044902	-2.0750162523994407	1010.8504992343395	657.00437034124	-40.27330688631325
269.6480769072229	106.1354985945697	-2.909036324818153	190.25626608618987	5.246594280261664	912.2887598867752	782.7953989286349	23.14247419907813
269.6480769072229	128.85786026251517	80.45007294847977	181.0635300478299	6.576292760044523	964.4685631972508	748.9720703221927	98.73620154267331
269.6480769072229	127.9125600484559	34.08948137698464	180.49750886745448	3.228765108630157	1032.3562088547242	762.4621648747171	20.187381596119543
269.6480769072229	58.24088261404836	65.47116221594065	189.5686133450553	6.421364152452795	952.2109324327062	716.8691354395218	166.24916067359823
269.6480769072229	15.166280505818648	17.959543998357702	156.95488732541858	5.4328582961601235	917.1125850764615	912.5170385353038	32.67752880815547
269.6480769072229	57.8714713542593	55.17531822303634	169.39144610310316	2.1337577181821983	994.6094176416766	664.0323094013993	93.16828644248216
269.6480769072229	83.49879750860424	67.70003767496112	169.87326239585806	0.8213989083435065	911.897157841856	781.7628348094971	80.92405548070467
269.6480769072229	55.067336511232135	4.598979396677436	179.02166064390252	8.599937644575062	1036.501864819411	813.9905481029664	53.92623545631353
357.5397864298863	123.02134081739318	81.01107803582035	180.74473682375282	13.630855841911146	1071.169383116244	677.7760593364587	100.89690210271178
357.5397864298863	107.95132447300168	133.3553094225954	172.27636242785246	3.3068246239807197	1079.7667802900864	707.155090619319	39.49936972349682
357.5397864298863	124.50915805065975	114.49523217286281	190.79096507180336	2.449488514054729	1162.0148537517484	730.851421621209	22.865645173425772
357.5397864298863	152.10756988827563	83.13822357366247	192.0256282941355	8.667233750978161	1023.8502936599349	703.6527336785655	46.99261442721835
401.48564119121795	85.02730351831133	20.693698538713242	192.7769849927092	20.66846366129601	1039.604950728608	826.1282086248763	113.84067772247758
401.48564119121795	125.22692234383447	88.53820837658022	177.2600982229982	14.422094535370583	1040.8653691066734	792.9042717859252	70.3051254505544
401.48564119121795	146.8017891323385	95.35733381899621	185.7177265494604	9.857508057486474	1033.624071775686	837.6748566594364	53.80210228416641
401.48564119121795	122.40404924849932	119.93750582388637	176.59725304292672	9.817041938594125	956.5351142626188	769.6062298281375	71.34675943780444
401.48564119121795	103.86013938572383	134.6955198670283	186.16323042436827	14.807167477365489	939.0583817134493	874.4134461219569	84.45690966354024
401.48564119121795	116.5180965091929	83.9727504738135	165.55003389544802	12.155119727134867	1030.6574214314933	798.3272143825187	125.40416477855312
401.48564119121795	136.64190873086346	109.8833808720856	177.86522771333276	7.900320196403451	963.8605921940493	773.4169807097397	93.55394289963826
401.48564119121795	61.625189440444686	44.87008170170046	177.92716800288702	23.790042393085105	1041.4750103598835	868.3019452876742	114.15360178216689
401.48564119121795	144.18914138194606	133.25215639104863	199.73052590169505	12.034498452209785	919.1989659445906	834.0602902280964	101.21314039757976
401.48564119121795	157.87716700372565	99.6163586091691	174.1266824604522	6.896396707478658	1176.410881741839	574.5689212330788	56.09464914549511
401.48564119121795	165.69833505759863	48.400204341277394	189.21897644075872	8.024467273107403	999.4930377816778	739.586456851872	-1.2057051881863217
401.48564119121795	109.68434512218622	56.38271501982273	168.35060861413612	11.99372646071294	1069.7509113659178	677.0396845544856	54.778897779557084
401.48564119121795	173.58071473567827	106.57882871595791	193.99349200611778	7.245141077569084	1118.6778312021218	653.5304300896609	63.18186991041699
401.48564119121795	103.21143893677053	124.92794942299093	182.74888560989402	11.58910247251162	1066.2861924691022	756.674268196322	79.16883653007298
379.51271381055216	179.55036500196098	119.93600781297224	193.11804281485252	4.947843547352337	1041.65554052512	627.5768849601718	91.03331639919458
401.48564119121795	189.52536131399575	65.49919000014397	209.50791100797431	16.60322661049534	951.3666926354035	750.7560372800785	140.39149780949623
401.48564119121795	153.0043291058796	59.5506336004729	172.00575561819628	3.591149743515756	1043.1842487760266	599.8759866838486	83.07216194706413
401.48564119121795	161.54343991247316	126.29092963331854	200.24408138045595	9.87018937033241	1105.8855772704765	742.0993301029093	39.11672620741225
401.48564119121795	95.71274728214328	80.5431443665745	189.52551285662804	7.0247515992012435	973.3718070084179	702.2671468439141	72.54030591388113
379.51271381055216	138.20307283745046	93.94625247821597	188.5823675294555	10.754227331948346	1011.6632428886192	755.3516170418616	13.944326660619495
379.51271381055216	195.3686622218578	92.29933927922468	197.56342924201837	5.176470918973747	1053.609376673779	586.2334256644074	115.46561710117622
401.48564119121795	117.69503721369006	87.98828857000419	215.6048288549778	16.069139975733524	1015.4064163226151	803.9188355315197	-5.7472920417708195
401.48564119121795	100.66660581377892	169.8589442388072	197.1052447317366	10.99548228203923	1053.8227391820453	713.2141298735874	193.9902732603363
379.51271381055216	-7.445436243735884	84.23592103120735	191.12842719895656	10.780449707663676	975.3075790471825	831.2323742595767	54.68350806523239
379.51271381055216	9.855859801690983	163.1237673280189	189.1000519051252	5.448933141550557	869.016208987488	715.3159630020465	69.99949270825819
401.48564119121795	51.833114162846705	141.9854551596453	187.89106440595452	9.04504428532303	1029.4220568035596	701.6560058683991	193.1033236676987
401.48564119121795	104.1005243939054	69.97397330227855	163.52622499753568	8.300504898425977	948.7030256428062	782.0163080337682	151.9332314310353
401.48564119121795	156.62723634499963	177.7212245613847	191.11427684034524	2.834019978871402	995.6109472683788	641.3211813700229	109.17652442610316
379.51271381055216	-9.088870200932888	102.6040065564132	190.45735156875557	5.5996125999879105	1095.3676311936638	618.1601224267174	100.19470605658051
379.51271381055216	-7.671009109616733	160.74053682440672	177.74640571652978	11.68174053753872	991.3385909101678	722.5784308270272	52.58493435008891
357.5397864298863	27.63239361756159	100.38663582121322	183.119631841433	4.722204633745142	1007.4833706594665	737.0231257617236	66.35793161156174
379.51271381055216	-90.10504250178174	76.3028447128282	156.56866456639358	21.299115103980508	1008.1226946414043	895.0692824613104	61.88214739097951
357.5397864298863	-49.28152910417022	133.951517766418	143.87048821652814	21.673916513243288	1021.7516483845984	794.3342141578456	60.41237447746477
379.51271381055216	-28.831849751883794	52.24723118973792	176.7229588132184	19.325298520088097	979.800551570841	743.7892123174707	117.6136030498928
379.51271381055216	-78.25229484892525	79.72346275458246	179.75110137643375	12.242789429045665	955.5744819004175	789.5209552706557	118.23945116927143
401.48564119121795	118.15528438228722	84.57495086129259	166.4253258605065	11.174016814553756	994.4035473977353	788.9050781802781	72.7795936937822
401.48564119121795	161.6282081967243	147.484473464096	173.2605096153877	-1.942155939880874	968.1776635310673	733.553466229347	25.733603520595658
