21.570164000943933	67.8250600317043	1015.8114362501	97.47269012439175
21.570164000943933	65.57976639855993	1015.4849589004093	96.42032654438762
21.570164000943933	69.70365066727754	1016.926034026201	90.86976487830786
21.570164000943933	64.6814969632663	1013.3032123828456	83.40152269759498
21.570164000943933	69.72785658665221	1018.0373131926276	95.18568707777344
21.570164000943933	68.94472281074253	1013.540843940088	104.8461942944396
21.570164000943933	68.99622989339355	1017.0679668405517	88.84847052274912
21.570164000943933	64.7211976365439	1014.4702671601898	98.29679566093151
21.570164000943933	67.47496385171334	1017.1556953391217	91.22171832866243
25.014525431389536	58.992531343985085	1018.4808348573988	53.96158354358178
25.58858566979714	47.78417128180773	1011.036505379115	55.66319497820322
22.144224239351534	45.0674367870905	1009.8514365187251	62.872982163621224
23.292344716166735	24.410094072108482	997.6053675561153	64.42611855661202
22.718284477759134	45.10437583556961	1010.6260560424524	59.14472792055125
20.42204352412873	47.7585752828365	1012.6163825351629	49.858007931522906
22.718284477759134	40.22312059946516	1006.2110505004265	64.08124664152142
22.144224239351534	37.59123656332163	1003.1873827973462	35.31905364368204
16.40362185527552	51.96484493564324	1011.2759540146819	89.33296077815432
19.273923047313527	44.669614540951166	1014.7333184947712	91.05007813520945
13.533320663237516	48.85946272012395	1012.9780455190581	74.44465457641456
20.996103762536332	44.24995877794862	1004.0135835184698	68.9254720309371
20.996103762536332	51.95268637277204	1013.5222127158512	70.4113893128596
23.866404954574335	53.39733122709015	1009.5507277653074	59.12751952205465
20.996103762536332	36.8701003374183	1003.309345996042	84.00677780558881
19.273923047313527	57.208095433085155	1015.1732757666805	66.30702941407512
19.273923047313527	53.91232791602174	1014.9009694608106	62.24461163906081
18.699862808905927	60.226162115546195	1017.5974256845052	66.21084525520384
19.273923047313527	55.730663234682986	1013.9091484364886	56.95413092856074
19.273923047313527	51.68223248646637	1013.1944409795927	46.91633206161939
19.273923047313527	46.79091307408285	1011.8273691322811	52.75377050877243
19.273923047313527	59.63250545584425	1013.8064239436195	72.57742856586619
19.273923047313527	53.44787452122088	1012.6794704642282	58.25836532115351
19.273923047313527	50.379320147812976	1010.9592264225216	42.86399524037088
19.273923047313527	52.45380080013269	1014.1494492635437	56.39151806370677
19.273923047313527	60.788551251522975	1017.6114567919681	63.1418012210609
19.847983285721128	59.1945191765618	1014.4396258317296	62.63472350795808
20.996103762536332	69.52894546358255	1019.5786979109754	74.1101199429464
20.996103762536332	67.05267620467465	1018.1987262028363	63.83837025864942
21.570164000943933	68.51179642119155	1018.02145427395	75.69706483249445
20.996103762536332	55.8023913418652	1013.0912356532392	63.76410787020622
20.996103762536332	52.37616022106647	1009.2941161648939	59.255415645163005
20.996103762536332	59.11906565606081	1012.4665385073869	66.71559306286325
20.996103762536332	59.874453443223246	1016.6645400339992	56.72708566017939
20.996103762536332	69.35509284204011	1016.7096675444701	75.82211839444608
19.847983285721128	55.98180428179386	1012.5907040951681	65.0041723054883
20.996103762536332	63.822279497438544	1021.3206492232731	63.76845014061387
20.996103762536332	61.899817949798035	1017.4419855277372	64.1716500333566
20.996103762536332	61.10852904025525	1012.6797462995083	70.48769084678939
20.996103762536332	65.89744592235924	1013.2559447340528	71.28564711616058
22.718284477759134	61.10398811357317	1014.9055051802429	64.37810490584894
22.718284477759134	65.59470512062424	1019.7825455494839	71.93044175249197
21.570164000943933	62.50274180681036	1014.6966291826384	70.4355147376972
22.718284477759134	61.57287122868837	1017.8229934730731	79.68217871688574
21.570164000943933	68.64967378277515	1017.0601296840694	65.70415012099154
22.718284477759134	62.19436654911066	1011.961647249284	74.86813115035605
22.718284477759134	64.55425834419499	1017.9341282587654	69.72332882979674
22.718284477759134	64.456081655889	1014.6125026420464	69.40654968263865
22.718284477759134	57.220142789588635	1016.860925093896	74.48327974120373
22.718284477759134	52.74651449437787	1013.456831168133	56.23069720127833
22.718284477759134	57.18177659272373	1016.1232524716683	63.19093582797327
22.718284477759134	59.843371263444276	1017.0206186950818	63.46058890739434
22.718284477759134	56.89054565004821	1012.4995786368245	68.58057716111306
25.014525431389536	63.94809096812404	1017.9743229328637	69.54491316419225
25.014525431389536	62.38295401437659	1021.7246620456349	64.8055067392074
25.014525431389536	64.10261221607706	1020.3733825730811	75.16738053274948
25.014525431389536	66.96891927538358	1018.1267278282605	75.85837157011389
26.16264590820474	60.002118353370825	1013.6527268082331	76.27887550607585
26.16264590820474	64.17715755124163	1018.5136238372039	67.5947019664963
26.16264590820474	66.41787318891468	1019.0021978822141	72.32809425132183
26.16264590820474	63.88398049713095	1020.7633084769504	67.22373434528178
26.16264590820474	61.95805301769637	1021.8206849218133	72.57742474007728
26.16264590820474	63.27267909375006	1018.186519686721	61.04105288151429
26.16264590820474	65.36269156876195	1020.0429544464785	67.93336845198232
26.16264590820474	57.57162904917613	1015.3849068972199	67.96803392525437
26.16264590820474	66.14652965166721	1021.7172713773882	80.17049093540746
26.16264590820474	67.56813625347175	1019.3073468323405	65.84105597697217
26.16264590820474	68.38042463211983	1015.6378317498222	74.28760211605797
26.16264590820474	62.56294152053849	1016.2097595673243	62.608421209233285
26.16264590820474	69.1990703081228	1019.8061911800595	76.95970524810744
26.16264590820474	61.890680493250024	1021.1208618371576	70.66655412969581
25.58858566979714	69.81906434258082	1020.7632011480476	76.46975176614531
26.16264590820474	70.85504432990648	1016.8629332176673	85.64249767789212
26.16264590820474	67.06205460835274	1016.4367333645189	64.65405905959724
26.16264590820474	67.94890685656001	1021.2185161126584	80.4579071527164
26.16264590820474	61.1118837656816	1017.9407966034964	74.45915814215503
25.58858566979714	65.52483045290408	1018.9010972756444	73.93131787266246
25.58858566979714	71.461916012973	1018.783099879907	78.95765463976528
26.16264590820474	63.39491342627377	1018.4742233969863	89.05469584790714
26.16264590820474	61.62638002595842	1024.3400602620684	78.70122731259028
25.58858566979714	50.39811402395839	1018.2053752283647	75.35624442785468
25.58858566979714	52.19498651364883	1023.8575009287711	74.2210448664703
26.16264590820474	56.554646816336735	1022.3429913676841	73.54442349223466
26.16264590820474	61.98301884725049	1017.1835407496638	59.90840894711873
26.16264590820474	67.43832135354816	1024.9033738618318	75.34832504482044
25.58858566979714	50.227430783896104	1019.5214046693723	74.98067055679802
25.58858566979714	50.37468654915779	1023.6867481574408	67.86686858922823
25.014525431389536	54.04121609621428	1019.3625353541598	70.87404579098153
25.58858566979714	41.8132789859506	1017.636989264655	56.01454395391073
25.014525431389536	46.053114427415494	1021.767378948949	48.90788856001626
25.58858566979714	48.176970707004834	1015.9134620318118	67.29408677746363
25.58858566979714	43.04427787347558	1017.8820683744627	68.98881561784422
26.16264590820474	63.442713630000625	1018.2296659056462	61.53091837033161
26.16264590820474	67.95771069400486	1022.7369828903916	65.3562940905547
26.16264590820474	63.229827573386935	1017.6472595673639	63.15306434359847
25.58858566979714	53.85752171112823	1016.8206177244498	49.11808505405812
25.58858566979714	54.82933562427693	1015.36750458892	63.81643318506571
25.58858566979714	62.846072932764734	1021.7655897761393	82.2771156867128
25.58858566979714	70.65585519091749	1016.1356221277158	73.64905881879803
25.58858566979714	60.34126070614093	1021.5098164144567	68.06494115822879
25.58858566979714	68.93951464585412	1018.3006607549808	77.7755509064004
25.014525431389536	58.480203607878906	1014.0461795398485	67.73409458526545
23.292344716166735	61.54408731384238	1020.7762351700036	73.94867930271529
25.014525431389536	53.597669498545606	1015.5965326613142	57.76410782667276
25.014525431389536	55.44793957913838	1015.929919845767	64.28558967853796
25.014525431389536	58.0364531318694	1017.9395419286227	71.08309454835175
25.014525431389536	51.3466116686742	1014.2777051558107	73.89129629492282
25.014525431389536	55.85356480541303	1011.8612260346691	62.206740154686
25.014525431389536	53.40294714866024	1018.2954273976803	68.36136710841002
25.014525431389536	45.882245843406984	1014.6793889409818	63.85685264485153
25.014525431389536	49.98220220866923	1022.9800721223414	69.51134569233605
25.014525431389536	53.93260454373681	1016.7076733734561	63.27490041708063
25.014525431389536	54.300734689693726	1014.7770314103033	69.21540561734582
25.014525431389536	52.59723848010252	1017.2155569613689	66.32757772628615
25.014525431389536	61.349364963956994	1013.9361330692303	62.013717627040606
25.014525431389536	56.405389336456	1019.1901769424437	73.97088800731127
25.014525431389536	55.71824519028709	1018.0542142749514	65.65639279808514
25.014525431389536	58.91848643747528	1017.324801685083	71.35093420383164
25.014525431389536	58.39689150405873	1016.2239945997026	71.68289790715536
25.014525431389536	51.20563906318894	1013.452725837601	58.28814143620443
25.014525431389536	54.33550521400222	1013.619062024581	64.72175639427874
25.014525431389536	60.14915170589707	1019.4028148180913	83.50201852056269
25.014525431389536	58.9292363863553	1016.600002091457	70.60534150720902
25.014525431389536	56.41823367192817	1015.0801443311436	73.99864410582013
25.014525431389536	56.82949335416752	1017.8906718593112	65.04361618910323
25.014525431389536	57.709562013943604	1017.9084304995682	69.34910928801261
25.014525431389536	55.45516799304047	1017.6115877332295	63.95326635105714
25.014525431389536	56.989371042165935	1013.3554998044223	76.70812902126451
25.014525431389536	68.06863904580992	1015.3187890732286	77.74193369928842
25.014525431389536	69.53791611057898	1018.1656957329999	66.98577027536436
23.292344716166735	64.64668937016857	1019.8385776764792	73.33247861266302
23.292344716166735	60.46521873736436	1017.8328516327952	74.87977685178416
23.292344716166735	61.39659060145062	1018.1685045303861	72.0437118846149
23.292344716166735	63.70004516491483	1019.1779865256638	66.7123105359824
23.292344716166735	66.02029188990542	1020.8325549384584	80.99934045018995
23.292344716166735	64.25824552770733	1019.7264801505287	69.50113083595858
23.292344716166735	67.88431449130677	1019.1806396961409	75.65815273353738
23.292344716166735	65.30084229391258	1017.7618127786104	72.00350284321887
23.292344716166735	63.55742299830831	1024.3270305332685	73.97470231884998
23.292344716166735	64.63567993976386	1017.3954369825932	81.81988417725876
23.292344716166735	63.79827745640469	1012.4894156630185	90.04336386842485
23.292344716166735	66.03780689282202	1020.6383132367506	70.08310984425181
23.292344716166735	62.65969106045869	1022.1900573407966	64.85849774133644
23.292344716166735	63.15678352418664	1016.7187486429359	76.98200577163716
23.292344716166735	58.169696894797816	1018.0883513057756	71.52338929032149
23.292344716166735	64.13853187285204	1019.1524068282596	84.2174104395659
26.16264590820474	54.125473454160115	1020.462873412235	57.900103144893905
26.16264590820474	53.08117152364975	1006.9279979115238	52.358975874254924
26.16264590820474	51.44506637289952	1019.332825640576	53.50671254588239
26.16264590820474	59.214276841227495	1012.020116815662	54.72181370855657
26.16264590820474	58.69627758036736	1017.5410221995062	65.47457218035481
26.16264590820474	54.72305940552166	1016.9348747079246	52.748762551095226
26.16264590820474	58.70784304261069	1017.3190917874541	46.206720909652276
26.16264590820474	55.0365686905313	1013.6311440391692	54.93155875950758
26.16264590820474	52.24919961791447	1014.8265712119683	39.60011142885247
26.16264590820474	60.516410735306806	1021.1565122055114	70.81531993128326
26.16264590820474	59.55069463798834	1011.6663296266541	62.143867139814255
26.16264590820474	58.809244715580704	1013.8366499092258	70.50465056900714
26.16264590820474	59.392447976716554	1017.0962512263063	64.82774987590354
26.16264590820474	57.248778429277664	1010.1383781937806	55.04718557759624
26.16264590820474	61.527295152316	1020.6514964458814	71.09459486980147
26.16264590820474	50.747542965743	1008.568089801909	61.040237988477436
26.16264590820474	57.79793400749524	1007.8469254382208	64.38056106232624
24.44046519298194	57.84069285588526	1010.8907301900442	60.08283814068376
24.44046519298194	46.28194006340301	1010.3158701469176	51.84268948725674
26.16264590820474	56.20177047715267	1009.8295328362418	61.46143821802019
26.16264590820474	54.943729907876055	1009.705272799026	63.92836046528282
26.16264590820474	56.366337366990116	1012.2248166456586	54.64044683011599
26.16264590820474	56.19181750724134	1011.2550935691339	65.0917675682669
26.16264590820474	56.34474479725698	1019.0675407915273	53.17786686051659
26.16264590820474	49.40650537735477	1021.0084616437011	55.195343078747726
16.97768209368312	29.337981845078684	1008.5927743762637	47.00595881830678
16.97768209368312	39.84388835113042	1016.7925157978299	50.223443461980196
16.97768209368312	33.54180495779549	1007.6474879443283	57.060552898542944
16.97768209368312	42.28505346662665	1013.8303368231632	48.6877373632425
16.97768209368312	43.426846312842045	1015.5373032063045	56.39925380887354
16.97768209368312	35.269173467658206	1014.7917977207504	46.206460756006706
16.97768209368312	30.80303306787422	1010.5367337096759	38.886039407021634
16.97768209368312	37.78692270172729	1016.366988896902	49.479511157742515
16.97768209368312	42.201222399757086	1016.8779206256543	58.37794417918147
16.97768209368312	40.97735925416111	1015.7642297787818	59.590956461113294
18.699862808905927	36.092471276710995	1007.3742757825188	59.58157945250609
23.866404954574335	58.537641696808535	1024.2068640204056	69.14372946220269
15.82956161686792	37.35143856571864	1008.9969557050028	81.87008617927575
15.82956161686792	38.06586534076925	1000.9604712041955	98.21722690327648
-17.46593221077294	41.09401473390397	994.9302579778985	87.29925556338637
15.82956161686792	33.066638682903864	1002.9321138815067	92.18983421118018
15.82956161686792	35.68779130456198	1006.1663802110816	94.75811690970315
15.82956161686792	27.348944751960524	1002.2066563617066	89.34689430134787
15.82956161686792	25.0814283796659	1005.0326682306809	91.24328430072231
-19.188112925995746	13.848769726140759	1002.2307441873618	52.99160450186707
-16.31781173395774	27.596304782568772	990.9579079563982	76.22014964637758
23.866404954574335	25.958642742670396	994.9528281728682	74.85630181106048
20.996103762536332	29.478083334016777	1003.4794140089725	70.7244421416238
15.82956161686792	27.36438390267959	1004.4115741160955	92.26247063933859
15.82956161686792	33.79643047109507	1005.2188817304594	94.66549456030282
18.125802570498326	34.1423934810856	998.4031690495583	68.8919045590809
20.42204352412873	30.249558975710002	1006.8922616800478	85.01322426715004
20.42204352412873	38.96648864417972	1002.2518536359643	94.05681919702752
-12.873450303512136	34.49866161448526	1002.5921034304621	85.57064171067043
15.82956161686792	30.81632222881728	1002.9154156508092	93.67931712836254
23.866404954574335	35.66575390935794	1006.5590344156601	87.90058158617434
18.125802570498326	37.32875246670285	1005.3455534481211	103.19282605791557
15.25550137846032	33.89369897406466	1009.6521997298809	101.62989181953796
20.42204352412873	68.09063937222473	1020.8474833155489	89.41018815299923
20.996103762536332	45.15289888068668	1004.100014410605	101.13981591233085
15.82956161686792	27.694759486794087	1006.1172289400446	90.25396589609068
15.82956161686792	39.41711538059351	1002.7148984281547	83.83340452976168
20.42204352412873	39.26137086259553	999.0706485693553	101.17186454599158
19.273923047313527	42.50314768812876	998.413055114795	96.58665271705097
20.996103762536332	45.029571018880354	996.2721848098624	114.38333894785032
-19.188112925995746	41.15884804628729	1007.4340730074243	93.25026255419695
15.82956161686792	32.011067840464094	1003.662060969311	89.35010413823952
-19.188112925995746	41.200031471134544	1005.582667680052	95.08738343184854
18.125802570498326	38.13499863270457	994.8642195772952	98.73584702150697
15.82956161686792	32.26363603596077	1004.6906410695527	84.27740263539187
15.82956161686792	43.58863304348638	998.5165072976251	105.05637165953692
15.82956161686792	31.491826775164373	1004.2295335640579	87.25856447258828
15.82956161686792	34.37303548774595	1001.7634867357365	101.67965003004191
15.82956161686792	37.303656896386386	1005.2051844158842	80.49201406080827
18.125802570498326	35.841756520676384	997.4445083630451	84.34231096996129
20.42204352412873	39.24266965842321	999.6056777833641	98.5421320260697
20.42204352412873	38.27322814778598	995.2640862841419	95.23011979012104
15.82956161686792	41.516135571391075	1003.4275923948339	104.84516133143514
15.82956161686792	27.720689104868487	1005.6584998430358	98.78483624844094
15.82956161686792	40.59417917977215	1000.2396384868171	96.50501803338702
19.273923047313527	34.27428423320671	1003.8951052892479	87.8409643176611
15.82956161686792	34.33948823348243	1001.031958693194	93.55818882582788
20.42204352412873	35.10364278930048	1004.4855602219511	101.06123803400232
15.25550137846032	35.218500432765126	1009.599945580264	104.49526615551169
-12.873450303512136	32.769569405922816	1005.5295903177508	103.57771189916802
-12.873450303512136	31.340567580664604	1006.8105436000345	94.87478434237408
19.273923047313527	29.976714152498253	1003.8872799389447	91.94051519979146
19.273923047313527	38.88996012879073	1005.6135043471153	106.89956023839252
19.273923047313527	37.59106975377004	1006.1638440291083	99.39552780246939
-11.725329826696935	31.257274011239044	1005.3711996894449	93.84314506087064
15.82956161686792	50.147973834157035	1004.9171726716677	105.9723802971628
18.699862808905927	40.81010487710364	1007.6039607077981	66.82754329781379
20.996103762536332	33.59008705578249	998.8065700971741	91.11100764931723
20.996103762536332	50.42497036176383	1008.02929548999	55.43149755051289
20.996103762536332	55.47251618640547	1015.7704140701611	46.490625052746054
20.996103762536332	48.57922267345852	1007.4842320968586	57.54383420465402
20.996103762536332	55.952705282239314	1018.9153720197166	51.373751063752096
20.996103762536332	50.91994990450501	1013.5767798033233	43.10064323890484
20.996103762536332	34.95232799161684	1007.5538381101909	24.555472015070343
20.996103762536332	50.15425699393345	1014.205288198514	38.97674886196926
20.996103762536332	45.46303490587533	1014.8725820393092	60.07825484557507
25.014525431389536	56.54135765539367	1011.9245715531011	56.20933399603044
25.014525431389536	47.13270584528371	1008.0068347705012	52.07667091092362
25.014525431389536	45.05846614009406	1007.594795892788	51.4214280450915
25.014525431389536	40.971947210931845	1003.5468348058439	76.51734840591769
25.014525431389536	55.85931046774546	1010.1219289661376	61.12434030598539
25.014525431389536	54.46038996495669	1008.4011536463622	54.80916794663413
25.014525431389536	57.361226601441615	1011.9081459378168	57.25801716710754
25.014525431389536	61.95571768397416	1014.6885065312746	70.37135625775323
25.014525431389536	54.171994784658146	1009.2931544979249	71.58871846167052
25.014525431389536	62.382675998457266	1013.8846409548235	69.69144087927003
25.014525431389536	50.51849491702002	1007.1604014779109	59.412563750242235
25.58858566979714	56.018150229645116	1011.3602673075649	56.98670369530153
25.014525431389536	58.16246848089574	1009.5540023701319	65.35194799435814
21.570164000943933	62.335061138676615	1012.0218533973093	95.97971426193874
26.16264590820474	58.939485906580565	1015.9708121577335	58.53258639252765
24.44046519298194	59.00874893927822	1017.9873108033916	71.81354094669781
22.144224239351534	52.7136344783207	1015.7133247534731	84.83809878000422
22.144224239351534	58.641378703500756	1014.6215815939341	69.92145113405307
22.144224239351534	50.28475766645801	1015.815198128143	56.676191190370524
25.58858566979714	57.368121396240525	1007.7997683381979	67.61900337762356
25.58858566979714	59.13928668059202	1015.0141370559221	53.35953062090178
22.144224239351534	52.36094348308284	1009.5876778866741	73.65692464078758
22.144224239351534	52.17511764261541	1012.8976765633531	72.46893301829724
22.144224239351534	58.467118325276665	1013.8614493255066	72.23282828178785
22.144224239351534	46.85456018521043	1014.1606651338863	52.36067069874002
22.144224239351534	56.16464608472735	1013.2598472129586	66.4589285367761
22.144224239351534	58.20622818659528	1013.4941633803936	67.05031515998778
22.144224239351534	54.21449415152348	1015.3900747838896	60.86899185128171
24.44046519298194	46.60568033424329	1011.8721778759107	46.45493044225844
24.44046519298194	57.738067912870285	1013.723661553382	66.66995140122152
20.42204352412873	53.9212429598343	1013.7886180786452	73.98336390493186
20.42204352412873	52.274925357648044	1009.8297378344462	75.83876440197358
20.42204352412873	38.5490014053478	1009.1666824120224	76.83559665601547
20.42204352412873	50.984690544915225	1013.6757069996114	69.35036414677359
20.42204352412873	47.49160586271952	1012.1861900468302	78.26403145963394
20.42204352412873	46.97292082925842	1017.086459610504	80.92367399721846
20.42204352412873	33.72242263337449	1006.8658544768031	82.03441529013045
22.144224239351534	53.82972011919715	1015.8047378532763	57.03322528839149
20.996103762536332	45.50473729377198	1013.6866727936103	68.63372119479831
23.292344716166735	60.404648335743815	1012.0906769829402	68.15038250185364
24.44046519298194	58.09274208833255	1020.2418746150594	50.01243207490148
23.866404954574335	61.41818317118377	1019.1614653876559	69.46275434744825
24.44046519298194	57.90346885046567	1016.0034701962772	49.1255491682126
24.44046519298194	57.692695714838734	1016.7238092007029	63.06955884915976
24.44046519298194	56.663295437603445	1016.4667865305917	62.59676020464954
23.866404954574335	61.46861525894677	1018.2207812190725	55.422954563887075
24.44046519298194	62.97368223972846	1023.5250464324836	78.11023857142477
24.44046519298194	64.95539824697143	1018.8443396052661	76.76165563384032
24.44046519298194	65.26325454162175	1017.8092510803586	65.72120166214303
23.866404954574335	60.0248044523866	1010.7716938505276	69.31628401920406
23.866404954574335	64.42824299516866	1011.6981054216168	72.88882100224544
23.866404954574335	68.45254196158908	1018.3766485448735	80.30815047180246
23.866404954574335	63.29414192272087	1009.870488472261	63.22078080722449
23.866404954574335	65.34953214858125	1011.8453724824366	59.37243505041323
19.847983285721128	46.581140795765435	1006.011840543808	95.77773938825464
19.847983285721128	25.264603801702567	1003.8379215231255	71.93368984727267
19.847983285721128	28.631413653347252	1006.6471707640607	60.48772138054488
19.847983285721128	22.264923238705293	1005.4320648369333	57.0521973755735
19.847983285721128	21.165073727516614	1005.2545954228658	81.32975853479587
19.847983285721128	46.568908095315756	1012.6452175181888	68.00436361670029
19.847983285721128	30.489579386048444	1008.356594979076	78.80043384469685
19.847983285721128	29.87729565975266	1010.2318799140321	58.305648246235656
19.847983285721128	25.2857330115702	1006.6259614995786	67.18701824915642
19.847983285721128	29.193580376588585	1004.5775346519158	58.29600343240508
19.847983285721128	33.79398393100513	1003.5929873073366	68.75479211049938
19.847983285721128	28.36418475170558	1007.8580490057068	86.90382967369946
19.847983285721128	22.139241508782128	1003.218089596437	69.94962041776373
19.847983285721128	28.67435784568348	1007.9591184868948	82.43888534478978
19.847983285721128	31.704453350253374	1004.4129876377455	60.36173050031143
19.847983285721128	22.305495028530068	1002.3010252994927	58.69288694766495
19.847983285721128	22.742795535211556	1007.4474740942279	71.97022230553058
19.847983285721128	29.67030354062836	1011.6857164463668	76.37333805993968
19.847983285721128	42.2343062941551	1008.516866009759	65.52641544581222
19.847983285721128	44.79196007984261	1012.6628720494102	71.90815653211787
19.847983285721128	26.386620448857645	1005.5555510327599	57.95153322514953
19.847983285721128	42.97110408351293	1010.7819019024729	64.459938530536
19.847983285721128	48.01431285981332	1014.7455539896904	66.0804241114179
19.847983285721128	26.768577253201634	1009.3376026164411	80.6464764620759
19.847983285721128	24.007397280183895	1005.9160237391231	55.36418279472193
25.58858566979714	67.55191865817861	1019.5429788521238	75.6629694017693
25.58858566979714	61.42765424683497	1018.4856474854002	70.23887301374727
25.58858566979714	68.94190558276019	1017.0419760734499	73.05778314346462
25.58858566979714	60.81939248417188	1018.2883050516905	67.05095024094608
25.58858566979714	56.79792928012842	1017.1279164724992	61.775868330790345
25.58858566979714	63.41949003354085	1015.9262717363608	69.93643674919562
25.58858566979714	64.66046042537178	1015.6873125205907	76.79220838403904
25.58858566979714	67.13333789006407	1018.9696976171575	77.46938449766596
25.58858566979714	62.904104122322245	1018.386861963264	71.16630163125585
20.996103762536332	65.66346772466714	1016.0051241346694	82.61688017361467
20.996103762536332	50.631573258601094	1008.9663133032537	70.6444678503448
20.42204352412873	63.388203975421064	1012.5147968019525	77.7417730161544
22.718284477759134	65.81991654966072	1019.8377211918348	80.62633750927773
22.718284477759134	62.71879724490419	1015.916653993381	60.26129588996622
22.718284477759134	64.75943409264646	1019.5324327141349	70.14593694965669
22.718284477759134	68.39378793064137	1018.8525277272606	69.90282719366147
22.718284477759134	65.53285584577486	1017.4071272466861	76.11991397705545
22.718284477759134	66.16169078646696	1015.7107220275802	75.72710110119094
22.718284477759134	66.8983959038517	1020.7593115486103	75.02913565065194
22.718284477759134	69.39345903890502	1020.355281553624	70.6532862937718
22.718284477759134	68.2408235718365	1017.8747989878761	72.45199625081293
22.718284477759134	61.579599213935694	1017.4495672414309	51.691804198615685
17.551742332090726	43.914022875447905	1008.4293779279312	75.12664735827342
17.551742332090726	59.16312191207429	1014.9007268974904	88.48698320644223
17.551742332090726	49.142631201139444	1011.6795063960508	73.2933905274163
22.144224239351534	41.93295557201665	1013.2055913793046	56.80866678279867
22.144224239351534	43.23204982537818	1005.7101486576408	97.12276051636816
16.97768209368312	50.34694056041056	1012.8132988731285	93.77803778527812
18.125802570498326	44.83848141034063	1012.9141579896669	52.88154803242472
22.144224239351534	53.304770460354234	1012.7093926890395	70.68705270665107
18.125802570498326	51.60157080107695	1014.1795303351313	63.33106299821227
18.125802570498326	41.955178311166904	999.9882956622419	86.01112391629653
17.551742332090726	51.740912379835585	1012.7042462681503	94.88229054020653
22.144224239351534	53.91620160449746	1018.1758812458755	65.94996853553181
25.58858566979714	50.05513505150179	1015.3101984678485	56.976255465800804
25.58858566979714	61.83346481705583	1015.423979984284	55.50421049444939
25.58858566979714	48.380849047832854	1012.1726902174362	62.16368472634436
25.58858566979714	28.07784688920994	1008.7338743183286	42.80622965368787
18.699862808905927	43.12964729509865	1003.8795136195382	90.63711100339117
18.699862808905927	39.73251517385445	999.9671271827428	75.76385162941645
18.699862808905927	49.960646707725324	1011.1586810890385	65.55000143441417
22.718284477759134	59.39893501483382	1010.9737684155618	73.45730645306924
16.97768209368312	45.026438706189445	1012.2649200901895	96.56954761485481
22.144224239351534	40.16868508246408	997.7278877918167	91.45627362066512
16.97768209368312	36.77661285095134	1009.0074106134246	80.4370336484484
22.144224239351534	49.44418580161871	1010.1308705370298	93.31453580780808
17.551742332090726	47.393225296072686	1008.6663418993984	98.83267391291437
22.144224239351534	43.24153943542399	1003.0930235191613	68.24391156322457
18.125802570498326	44.79637126576233	1013.8312394592357	56.695951390067044
18.125802570498326	44.51394416053166	1010.6157331485812	55.36899563716496
18.125802570498326	46.82093879336844	1018.7054152200609	56.3048715965767
18.125802570498326	48.517855292869285	1010.7648902713793	95.26152569124568
18.125802570498326	36.70503301892607	1001.2928623764304	70.55367805383015
22.144224239351534	28.655841985457375	1001.5051288940745	43.26018628783886
22.144224239351534	28.593788832267172	1003.4186422376296	36.60506197792937
22.144224239351534	55.438746519406486	1012.7077967082549	71.86638656884844
22.144224239351534	30.19508638991968	1004.8046801753549	43.68214402358489
20.996103762536332	42.37101598887759	1009.5827686626601	53.64252422623606
20.996103762536332	67.04633744171437	1016.824043663027	72.12149399885108
20.996103762536332	55.33146944334172	1012.5936942784001	59.06326539738804
26.16264590820474	24.229087174242437	1011.1454860737283	34.07291385561815
26.16264590820474	53.86152514036631	1013.6487288066038	51.25212923444864
26.16264590820474	58.31296776521606	1015.3700686764079	65.22558218681195
17.551742332090726	53.0869357203768	1013.5818210418878	86.42984503462857
17.551742332090726	53.45792016310532	1015.5252093855371	158.71980592396102
17.551742332090726	48.07252939331703	1018.3757104902631	100.08578811415285
17.551742332090726	50.06295656603175	1012.7020707112906	97.15210814306167
17.551742332090726	47.761188632478024	1015.8289534003258	95.3365838437812
17.551742332090726	39.95357489849589	1003.5304585618547	53.49728580201942
24.44046519298194	33.073978303173675	1001.6286097234558	68.8306919365941
24.44046519298194	46.3009748866785	1007.520523218762	71.90854676258623
20.42204352412873	61.94509747585648	1011.7618244446306	68.39076064457039
20.42204352412873	63.745973394785	1007.4856423986413	73.45462457504652
20.42204352412873	58.19223471865663	1003.7271849276624	76.01414621697606
20.42204352412873	60.62400289608014	1010.0102993942032	73.0106685530943
25.58858566979714	51.0723767658659	994.7526780150612	66.30771423028919
25.58858566979714	65.58202759470366	1010.4908280646596	70.05098469481295
25.58858566979714	61.47565832890265	1009.5571814522328	57.467352858645675
25.58858566979714	63.96408615068174	1005.8452371078599	79.34014936295185
25.58858566979714	63.876826220807345	1005.8086400985835	75.75077508293771
25.58858566979714	54.95542511088175	1005.9849439207666	57.6833109907791
25.58858566979714	64.2220849238023	1007.4731632671129	69.18009358574875
25.58858566979714	58.459204138773615	1010.316616082792	64.95465511968538
25.58858566979714	54.74887781722834	1006.9878788529735	84.0893498075346
22.144224239351534	61.50551723863665	1013.4016973840542	70.45111630485353
22.144224239351534	57.704743071342214	1014.1149076027559	67.09886059540871
22.144224239351534	54.4490469154488	1012.9185380821901	62.49509369027679
20.42204352412873	57.076186146569434	1011.7913377463224	68.03047462597982
22.144224239351534	43.01514180513179	1004.5047398968813	103.02747163563419
22.144224239351534	51.45257280272091	1011.2456464791095	59.32772688126444
22.144224239351534	41.15210152664534	1002.9477248704188	57.93781012034577
22.144224239351534	53.507722081451206	1011.8479387165025	66.02858084596048
23.292344716166735	35.23937016110807	1001.0307673423729	59.74257630122418
24.44046519298194	35.63213251751594	1003.0027459591498	74.48187567667544
24.44046519298194	31.408069845873296	1001.0212097035786	63.59672960559388
24.44046519298194	32.79431282274149	1000.9647675801747	75.43988382490508
24.44046519298194	39.13835808549774	1003.3415296408355	55.197592642624116
24.44046519298194	42.706395859539676	1003.3296547710297	61.89769675269469
25.58858566979714	74.98371047243621	1019.504139742068	78.4776137768571
25.58858566979714	74.25365920272031	1019.1185531457387	78.65703945073263
25.58858566979714	75.00391296257283	1018.1381851886343	78.88802145589764
25.58858566979714	74.56781719154168	1017.9789831538233	77.95749394937569
25.58858566979714	73.41312440667025	1020.161492779886	75.2314318906041
25.58858566979714	73.87500152061882	1019.354642386648	75.89836636733119
25.58858566979714	75.3608297997842	1018.7514024350432	81.36238103679243
25.58858566979714	74.51117608158074	1019.3977499671682	81.91039086539439
25.58858566979714	75.01807324006305	1018.462014734293	81.2624284758493
25.58858566979714	75.12205119388534	1020.7673354573835	76.60877328339063
25.58858566979714	74.55992153943325	1019.559318604286	75.49440131680738
25.58858566979714	74.28976420344151	1018.4334405605007	77.11557553969226
24.44046519298194	66.64199108866853	1020.9210884037994	71.51478126528428
24.44046519298194	70.93201767076636	1020.0473227328223	71.79821866213159
24.44046519298194	66.47505179631963	1021.4946540603582	68.17868568817597
24.44046519298194	67.96664427221204	1019.8638117748163	68.24032679902018
24.44046519298194	71.19422375146581	1021.5276716507263	68.55707151407812
24.44046519298194	72.70872473910944	1020.7575524278934	70.83797242739229
24.44046519298194	70.85380252546688	1020.9251819281523	69.60384561649141
24.44046519298194	69.80319890078547	1020.8035686216795	68.99529267846111
24.44046519298194	68.23209387197012	1021.2644700556809	68.54729662342476
24.44046519298194	69.58186116022472	1020.8881062319692	69.06874399965636
24.44046519298194	67.52274552104558	1021.2990997261691	71.99982243429186
24.44046519298194	72.31121757767866	1021.0427113698735	71.20381731726243
25.58858566979714	54.49990529428809	1018.0367282501073	62.481473881773475
18.699862808905927	46.91694695750382	1008.0763119891502	71.66874631399419
24.44046519298194	58.11691093891799	1013.5255313255258	71.13498754906495
24.44046519298194	60.539189506295685	1012.2801071299357	74.57859162020459
24.44046519298194	53.068772013648484	1010.1670156916255	62.397287396909604
24.44046519298194	42.42997389816613	1003.9297607186727	56.43448549890359
24.44046519298194	55.871135411513485	1007.3721485236654	102.11367812978455
24.44046519298194	47.948589896488215	1004.2928479571082	95.96862712569083
24.44046519298194	58.55697307039795	1012.6028279680284	89.55167730408854
24.44046519298194	55.186549011802235	1004.4367191314433	101.85674197268513
24.44046519298194	63.88709427542724	1011.0091483150806	90.32962852327326
24.44046519298194	49.136310972573774	1007.6591900146005	75.58278851788941
24.44046519298194	56.02495235247092	1011.4655258358291	99.13168992218456
24.44046519298194	59.8709319082453	1007.4868112103928	95.7950587346295
24.44046519298194	64.8777576679052	1009.9081190588713	91.66676470045269
24.44046519298194	60.904354149113296	1012.5190180476995	95.97267863614167
23.292344716166735	41.24038084822388	1004.0361719593529	61.11579731935958
22.718284477759134	65.61440718210608	1012.8040975662915	85.71341250104308
22.718284477759134	64.76586552757985	1010.9388264179665	92.22251027422142
22.718284477759134	66.95993009399253	1012.0531344060302	85.68636417348173
22.718284477759134	70.06301404457885	1012.7490796974276	84.81586329488587
22.718284477759134	69.5962438504504	1011.59968481775	88.8229945944279
22.718284477759134	68.16301618321867	1011.8623808936632	95.06062969003291
22.718284477759134	68.77782058718287	1012.6180053481731	86.1096915416559
22.718284477759134	70.42730757084928	1013.7007822511723	85.78709719536157
22.718284477759134	65.85995084204148	1012.6965121474146	86.53743004443803
22.718284477759134	67.69850718523395	1010.4401409170237	84.45659111035525
22.718284477759134	67.44108297834666	1017.2245017521282	84.2430891346991
22.718284477759134	69.99945960542438	1012.0889264485356	86.73284751593822
22.718284477759134	68.55531517976102	1013.6266244190723	73.51145666923661
22.718284477759134	68.26801352874512	1011.5851642904903	94.69655231463705
25.58858566979714	68.98244030379573	1018.1130326602633	78.74364765997363
25.58858566979714	73.56794220493721	1018.6432610524499	83.03456832894224
25.58858566979714	71.04515161553128	1017.0535547154839	81.28039438054917
25.58858566979714	72.9330094484149	1018.5546803623917	87.13387436058267
25.58858566979714	70.21686805432553	1018.4802166429187	82.07234033554994
25.58858566979714	69.44544801581617	1018.4743393122014	84.01213773584531
25.58858566979714	67.92051216400105	1015.8277223378107	84.17406807705633
25.58858566979714	61.31765261476094	1017.0709183853787	71.58373345872675
25.58858566979714	70.71546180401776	1018.4611657626718	82.31056455911293
25.58858566979714	70.73431128334704	1017.4273158133026	78.90281960738383
25.58858566979714	70.65796811190425	1018.0886743657732	83.74062532301622
18.699862808905927	49.798730236318626	1020.5286542234717	55.83687049135389
18.699862808905927	41.51213214215301	1005.1877112705084	94.81347607516464
18.699862808905927	43.378823696379726	1006.5825426652401	57.75595889630421
18.699862808905927	56.38114634829209	1018.4831263294735	74.4888233093277
18.699862808905927	61.549851510569425	1013.262663523368	80.90478607739237
18.699862808905927	44.62448329004969	1010.7929793185308	61.28764410541345
18.699862808905927	47.473701637515894	1010.2585865649157	76.52963683988192
18.699862808905927	43.56251808146578	1006.7511864236304	45.198013406847956
18.699862808905927	48.365113346799866	1016.5654829697387	68.78535633806482
18.699862808905927	56.37514120443497	1013.8169743747646	110.23901485815978
18.699862808905927	61.63548041371719	1017.7358155717744	60.87015106532006
18.699862808905927	43.76346798794373	1012.7031826387235	64.14089834213479
15.25550137846032	32.70831323170131	1019.5463028282436	60.71483551312652
15.25550137846032	42.63798540899457	1008.7051820827434	73.89700437196971
15.25550137846032	38.377762133446886	1007.4548551028734	53.024200223341296
15.25550137846032	32.15244820263102	1007.3539047567675	71.57662896872938
15.25550137846032	10.832074588881653	1005.7762396494065	53.540413920350275
15.25550137846032	48.04882390259712	1012.5769509695634	78.30406834052921
15.25550137846032	18.893479788405436	1004.0940308242739	31.68074752356751
15.25550137846032	24.308729467927712	1012.2123289278179	48.72115180354248
15.25550137846032	34.314133181641274	1004.7810152255767	76.78004620110869
15.25550137846032	36.813273883511144	1019.8005274338589	55.39180116483019
15.25550137846032	20.370967589991473	1008.7637385855326	90.88305566896531
15.25550137846032	30.902859317301463	1018.7622555336943	73.50952464583938
15.25550137846032	36.99935920550327	1013.3950687510172	46.948158799523625
25.58858566979714	70.941173661709	1016.8845535518473	73.21142300011758
20.42204352412873	66.25884808306883	1017.764712805564	85.66182173765343
6.070537563938702	67.10607379557698	1016.0403752395048	102.799611474216
6.070537563938702	63.166958906833415	1011.3788223282808	89.21114000782778
6.070537563938702	53.71171162864696	1015.5199781748146	89.41958811633985
6.070537563938702	73.38417368227267	1015.1243391534492	95.36152416165567
6.070537563938702	70.0956160447167	1016.4430668430731	85.52684025349222
6.070537563938702	67.37220916793603	1014.2465110835011	84.17169608793498
6.070537563938702	67.2332382770698	1013.3235029119197	87.49190316371904
7.218658040753903	70.22604257966279	1017.1800826124157	81.6629350132026
7.218658040753903	66.54618680287399	1016.4298417756702	80.34040569806409
7.218658040753903	63.46666006785061	1014.2900866180377	92.88432967118197
7.218658040753903	61.52036328872785	1009.5822921223316	72.04769835665434
7.218658040753903	66.46300443981616	1013.4892198111307	75.90250204513795
7.218658040753903	67.94833229032677	1017.6627879130208	88.2746098385132
20.42204352412873	65.80560799701351	1015.6120105623869	77.0415503501612
6.644597802346302	62.90078646568513	1012.5487545935091	93.79780563655245
6.644597802346302	66.64586477714427	1013.429418293069	81.16273989434065
20.42204352412873	68.16937348057358	1014.9010499574878	77.48470295644327
6.644597802346302	63.95648704888724	1015.1382189271592	92.76706541544179
6.644597802346302	61.31650348229444	1015.1856625953526	74.21990095558758
6.644597802346302	72.46972372047514	1016.3753004471347	88.14359187165802
6.644597802346302	57.97569738630265	1015.4417697499229	79.56362899607335
3.774296610308296	43.94947917235736	1010.779301323158	75.5439873668106
3.774296610308296	60.94477766378111	1012.9691039481659	64.43671599188006
3.774296610308296	63.1399357594764	1015.4157940088675	98.26059604630838
3.774296610308296	53.18266586859287	1006.0197517572334	71.73273645922633
3.774296610308296	58.02457258491751	1011.0521410536749	63.199823135600575
4.3483568487159	64.54791958123471	1010.3160472396073	77.87411088018195
4.3483568487159	65.93660909819283	1014.7965234123407	81.8467794732639
4.3483568487159	69.22084822180216	1011.833961273491	76.6231314691527
4.3483568487159	66.10058288740242	1014.3110608322227	81.78749122259653
4.3483568487159	67.5635211892112	1010.7568427502474	82.98339457654329
4.3483568487159	66.8983959038517	1012.6723406052153	78.6863602969038
3.774296610308296	67.61730800240055	1014.8631220698165	81.94051512723571
10.08895923279191	67.87126627749377	1017.1582712327888	82.35832570780825
10.08895923279191	62.70154172351229	1017.4677219253394	85.08629300945475
10.08895923279191	64.3221521203596	1015.8979283197096	77.88046551555387
10.08895923279191	57.23813968676536	1014.7685277413345	72.99482596123694
10.08895923279191	65.95838701187219	1017.61616960409	83.40049738616833
10.08895923279191	60.11944107132004	1013.8654838189628	85.7039781056023
10.08895923279191	63.269268765139856	1017.5674422822192	77.50002524100951
10.08895923279191	66.96254344363405	1018.0440126627403	86.94007519778947
26.16264590820474	64.45478424826554	1014.368703966049	79.75203379650989
14.68144114005272	64.77029524789421	1013.0756321773503	83.33442983756055
14.68144114005272	61.465983374910635	1012.8358733612542	78.95080265183567
14.68144114005272	47.9222895905214	1019.5213166596719	105.93761535337921
22.144224239351534	61.540213625366654	1010.1529094539305	75.54971839859091
22.144224239351534	67.6915753216458	1012.1110104435755	78.0096853616235
22.144224239351534	63.54908252072899	1011.1304589540474	96.07025920796343
22.144224239351534	67.5920456225325	1011.6057220685325	84.04265605394389
20.42204352412873	66.80364807855054	1014.2046270524728	84.8919735393704
20.42204352412873	70.19657289221583	1014.8175201655953	85.59122062919272
22.144224239351534	56.24536337330062	1012.6753436679155	72.09993950415792
3.200236371900697	50.92413867768931	1016.2130556379293	70.00202607419023
3.200236371900697	53.194231330836196	1014.9813910076781	67.14791486075407
3.200236371900697	48.404980829629054	1014.595698155735	67.4178280938207
3.200236371900697	61.07818823626111	1015.0824712217562	75.07773464711755
4.922417087123499	66.24227833427788	1013.2320221949079	83.27200443999072
4.922417087123499	47.812195286474264	1012.5774489756724	62.76603988634788
4.922417087123499	60.333513329189465	1012.5122434473549	78.31801716687839
4.922417087123499	58.27506492821667	1013.1958019100803	73.74900755395225
4.922417087123499	50.22107348654119	1015.1993126852105	59.80804320097381
4.922417087123499	51.810175412533255	1013.1914143045339	72.33900922706901
4.922417087123499	51.004170193661615	1007.8543794305201	72.02010294127952
4.922417087123499	56.255687031104365	1011.6850488605913	71.39780776950091
4.922417087123499	52.786437580390924	1010.834279480328	64.78697844353842
4.3483568487159	63.77499825676105	1007.6967701566266	77.243739468024
4.3483568487159	64.18870447909035	1012.77639490319	66.76866440655931
4.3483568487159	55.30911696342912	1010.0782664951898	63.724598948179896
4.3483568487159	50.169103044024666	1006.6032635832146	71.4516021873001
4.3483568487159	65.49914178195976	1010.1721996776307	78.34440745874802
4.3483568487159	62.87430081577211	1010.7214971959776	67.94558802174625
4.3483568487159	50.50848634392484	1009.3412678984716	78.33182826482698
5.496477325531101	62.88514343662524	1010.1743441091086	82.9894699293251
5.496477325531101	64.2685877199057	1014.8792546771963	74.96203896482861
5.496477325531101	64.71421016977189	1015.774626729596	73.65491610161223
5.496477325531101	59.56127777731678	1016.162699063314	69.36166170141131
5.496477325531101	65.47501000016356	1015.0054884929345	72.34962196549266
11.237079709607112	61.087158883257544	1012.7854921009913	85.16579672869838
11.237079709607112	55.38987132079163	1017.7688782402818	81.85611439819313
11.237079709607112	61.571814768195	1009.6237285918354	84.56225174834526
11.237079709607112	56.43547065892544	1017.9282477081812	76.04519249394359
11.237079709607112	61.837116092796116	1011.6971620005612	85.46845488900654
11.237079709607112	53.414957436374465	1011.2451377401103	74.93530052616859
11.237079709607112	52.41385917972502	1012.2999747831328	82.83003400248042
11.237079709607112	60.915826939383535	1010.0834268688365	83.97274358748615
11.237079709607112	60.693488341513266	1009.3292545743814	86.0160362292511
26.16264590820474	63.58524312463404	1019.0167806602375	87.74342582951729
26.16264590820474	63.415709017038225	1014.9776387892362	65.36492889611424
26.16264590820474	62.732586834502015	1014.9140346081484	65.29637458471794
26.16264590820474	66.93559443385551	1021.8190706951151	69.43937877723612
26.16264590820474	64.06324516190264	1012.0972669775721	73.9704097836981
26.73670614661234	61.728875228211045	1019.41936815477	73.98528062517349
25.58858566979714	68.86211501391796	1023.2347882943316	76.87719445878415
25.58858566979714	62.90162051344307	1028.2574804244052	92.22622511524858
25.58858566979714	66.02405437201344	1018.0711582888363	86.58250548932173
25.58858566979714	64.50145385392054	1013.752224994284	78.41528019822101
25.58858566979714	71.56459655917185	1020.956460790295	73.38041192185909
25.58858566979714	71.43103771153487	1020.0649922900901	74.1052535394587
25.58858566979714	65.88867915370363	1018.1028804193476	88.93320409542646
25.58858566979714	64.31162458421502	1014.7438571197371	80.24917593582533
25.58858566979714	70.063495938839	1021.3838219421717	75.12045340603554
25.58858566979714	63.53082614202757	1028.3731316103274	92.68576357541261
25.58858566979714	59.23177330974946	1017.5039422101671	65.38977356926607
25.58858566979714	63.05128575000545	1014.9934086249245	76.23639777185892
25.58858566979714	62.52742962044516	1021.8605769284056	63.415199747820374
25.58858566979714	62.90449334460927	1021.5540777806821	62.88117317766773
25.58858566979714	67.61843860047242	1018.1941046202818	77.25455114747072
25.58858566979714	68.15321148846431	1023.3140571287829	76.92213600105617
25.58858566979714	65.42932271742347	1015.6397862091422	78.49295519036785
25.58858566979714	65.91017905146367	1015.7355482760868	66.8358720402609
21.570164000943933	35.9960924246832	1013.9763502823982	52.71414681307894
25.58858566979714	41.57576071888597	1011.397081121225	52.01083673543907
22.718284477759134	20.43470737309216	989.431424782915	55.5489301409649
22.718284477759134	22.762516131088002	990.2148452766719	38.06814312587538
22.718284477759134	23.490287670265552	991.8506053725401	20.250675209741743
22.718284477759134	30.231525009744036	1005.602331408334	100.08583402361973
22.718284477759134	35.086702352617124	1010.0450278072819	82.0047539487467
22.718284477759134	12.419730832093308	999.1682459605377	23.98355100580948
22.718284477759134	20.127444179069705	987.5333185033568	19.822355187046007
22.718284477759134	21.68223894061881	990.9909974571312	45.85886870500434
22.718284477759134	33.509332698419975	997.9274251015887	86.48235016156661
22.718284477759134	29.962349996667186	1010.8545378107312	26.92196347777668
24.44046519298194	49.36079956022004	1008.1434848562561	84.98387281466762
23.292344716166735	43.10963014890826	1005.9113463455392	67.94451297506383
23.292344716166735	32.68199439133987	995.3398272175582	25.80303882239597
23.292344716166735	46.802070779644524	1011.1990528558264	93.1816699849116
23.292344716166735	39.90583029795289	1001.4430058518452	56.04512348463179
23.292344716166735	53.86430529955942	1005.4308702662452	90.62144057203454
23.292344716166735	22.603435422058286	1011.4793218929949	84.31104662302616
23.292344716166735	27.77034274805742	1016.8410306084731	85.39357654854956
23.292344716166735	23.371852888639093	1027.7448507524105	137.57661797023061
23.292344716166735	37.85763141720536	995.6760918898951	52.15970200753806
23.292344716166735	36.92574059006973	1000.3010896501147	48.084984321192806
24.44046519298194	33.28495531714143	1011.8822828921093	55.71362652755454
24.44046519298194	24.865187597625862	1002.0585918471389	56.23088466493469
24.44046519298194	10.440665243281103	1002.0907540261518	9.309948077442165
24.44046519298194	36.18562514407476	1006.8847776356556	52.59780839825388
24.44046519298194	38.80605492434269	1018.4089910364431	92.94337307135939
24.44046519298194	26.16804433309539	1022.8112856165104	36.455611360127854
24.44046519298194	21.149319492088985	996.1348134738807	52.039583713274425
24.44046519298194	18.645915879456354	997.9410762647357	31.85007311473271
25.58858566979714	49.81246422273259	1016.17021208651	43.789220203469924
25.58858566979714	42.861528742515176	1011.7699535357286	71.55094644780726
25.58858566979714	14.506351512889616	1010.7701064560553	133.1726414133178
25.58858566979714	32.39915952942754	1024.7110726666865	75.55749622743565
25.58858566979714	46.40806661879708	1015.437516305505	92.26559630887432
25.58858566979714	57.602043990748754	1012.9745755756306	75.61504374415105
25.58858566979714	34.820437239495725	1021.7924381011745	107.1397509174529
25.58858566979714	14.351922936909695	990.964570934684	102.295372496481
25.58858566979714	39.302294805918095	1011.5106973511502	60.48229641187699
25.58858566979714	26.462111038147878	1006.8649271550828	75.29607624573906
12.385200186422313	55.72602963602779	1011.2406835906442	73.61355167196679
14.107380901645119	55.76380273226484	1014.9362699369412	81.14760124764187
14.68144114005272	43.22113306694657	1013.5940844423217	72.91215066299071
14.68144114005272	46.75873736502127	1008.0760930381884	80.81920317957801
14.68144114005272	38.90265618910594	1009.1918703589314	79.01199997116684
14.68144114005272	41.71930960522351	1011.3468801735188	65.02745988255562
14.68144114005272	44.65790080355087	1012.7958976381176	52.397210808575736
14.68144114005272	35.86093961910884	1012.3781842813136	69.51735600670648
16.97768209368312	30.091664467936017	1004.3999246369857	105.00328501268524
12.385200186422313	54.00212705795916	1011.0397209530429	70.33089471428946
13.533320663237516	42.790727355064	1010.683439440334	69.84654218728485
23.292344716166735	42.26653760640054	1010.8471385561724	123.73290517122808
23.292344716166735	38.66725084302806	1004.9577794887527	61.24316165781008
20.42204352412873	35.328075773762876	1009.328318666349	40.13255794818717
16.97768209368312	53.53659866827031	1014.478865278593	82.197214085423
23.292344716166735	34.911088963585726	1007.523286938009	73.28272422794798
15.82956161686792	50.786150109737974	1013.912233069155	92.97689080795982
13.533320663237516	65.86588184832013	1014.2960347858308	67.6052840986087
13.533320663237516	67.84924741668435	1016.3864293810659	77.60276297627578
13.533320663237516	62.96206117430126	1017.2483877994462	66.6185136693881
21.570164000943933	60.93758631866826	1012.6435871921553	82.55833795178387
21.570164000943933	61.84241692965764	1015.798055555788	78.61121032543454
21.570164000943933	51.277533979922744	1011.1867261313399	66.99449689985762
8.940838755976706	59.09573085323331	1020.0341287908012	67.94311273632444
9.514898994384309	56.2474021567089	1018.6511057219556	64.04076979490202
9.514898994384309	57.46553817436708	1018.6823545320054	71.77674833479433
21.570164000943933	56.94548159570405	1015.6000863212859	82.1573723197619
21.570164000943933	58.40934661724384	1014.9424359824071	80.70469731763865
8.940838755976706	61.4880393045093	1021.0125659009442	73.68868251449152
9.514898994384309	60.174784773657535	1019.3214144316304	71.15699731263786
20.996103762536332	53.58191526311799	1019.6955297148285	65.02938042858614
9.514898994384309	56.37934851201388	1018.6675699756449	63.86359368490289
9.514898994384309	62.858194426846694	1019.8021974715864	71.1467365467935
9.514898994384309	56.713097355949344	1015.013750671872	67.20400857768541
21.570164000943933	62.510340908604846	1016.8197966583433	79.72358140442026
20.996103762536332	58.8121916843254	1020.8954636282562	62.57275720505691
21.570164000943933	61.03913626679524	1015.8290242374017	79.27394791173238
8.940838755976706	62.80066366594395	1021.4576653005865	71.00189600462302
20.996103762536332	60.90513259368736	1021.3464264058584	76.17815396156273
9.514898994384309	61.90504464908108	1019.2968704581383	79.08909344340006
20.996103762536332	52.55060594323676	1016.0920583993586	63.767501344965325
9.514898994384309	57.96515131576345	1018.3968016929522	65.18818127447251
9.514898994384309	57.28638471596311	1019.6752381124652	61.09327872586225
8.940838755976706	64.718602821297	1018.8342710808945	81.8251293338481
9.514898994384309	48.176470278350074	1017.6124377781397	65.53420475202367
20.42204352412873	52.81611114617871	1019.8213621204702	38.760660653013055
14.68144114005272	53.16413147397214	1021.7461492919754	72.82716841403452
12.959260424829916	53.75259850318028	1021.5667243452989	68.64012173963708
12.959260424829916	54.67618592152584	1020.0893527311584	69.02727244792155
12.959260424829916	47.858197653922915	1020.3892071465098	61.8374788353233
12.959260424829916	45.89990912148055	1016.3614356994711	67.42519273746365
12.959260424829916	55.719116306834266	1020.6302539094394	64.3485239060322
12.959260424829916	45.92897105224585	1014.3178729976833	61.381731731964564
12.959260424829916	54.272043446820845	1019.546205158942	69.83216104678937
12.959260424829916	49.26877629092812	1018.1529579388157	64.39359552512701
12.959260424829916	49.47235808144222	1019.3384539682388	69.81389290476596
12.959260424829916	51.191608526461046	1018.2730804468284	70.73243038885832
12.959260424829916	51.16677243766927	1018.9404515644337	63.44675485471232
12.959260424829916	48.5988691317565	1015.2766528192786	65.03031774686798
12.959260424829916	55.696893567684015	1021.8670864263604	68.04543346060002
12.959260424829916	49.75769508662833	1015.9281124270439	60.97613689536704
3.774296610308296	52.62038793898381	1009.0820782578129	75.6941381039818
3.774296610308296	48.1945598474999	1008.7425765457676	73.62067146511978
3.774296610308296	55.946329450489785	1015.9973449357944	79.91512717754816
3.774296610308296	55.55573561825254	1012.852812008694	72.05821545035535
3.774296610308296	52.156972470281715	1011.9035694334015	71.54002382048228
3.774296610308296	38.95431154691391	1006.7647291845857	69.31851062834703
3.774296610308296	42.860379610048696	1007.0301224358262	72.89001847417283
3.774296610308296	50.73781240856711	1016.4316041162541	71.45836618208489
3.774296610308296	50.581660133887475	1012.4491973765615	72.50544634761062
3.774296610308296	57.27550502632076	1011.089263974575	78.4720472539997
3.774296610308296	56.38522391510865	1013.1029516762687	84.1893482779446
3.774296610308296	51.046669560526944	1012.3706433526029	80.30531173643463
3.774296610308296	44.43072472868459	1007.6358330987733	86.38784552402481
3.774296610308296	41.453452248783776	1013.8127316632371	75.7526688484459
3.774296610308296	49.041470475299505	1014.4920688802154	71.43364393417802
4.3483568487159	52.961884159870735	1014.0401326294647	76.88537782125285
4.3483568487159	46.67877998662744	1023.6018907070207	58.51157898564796
4.3483568487159	42.12582448243996	1013.7430709121643	77.6446706679458
25.014525431389536	61.78084567072758	1009.6662265441877	71.9180461964384
25.014525431389536	69.49039392277143	1012.6318636561026	83.56969672629964
25.014525431389536	55.76658289145795	1010.5374699859491	60.289040511108354
25.014525431389536	60.371786854081265	1011.1774593538722	62.26857638076439
25.014525431389536	61.072739124242624	1006.5934837735915	83.40452594188574
25.014525431389536	62.29259884060052	1010.0119962641566	68.19511745152478
25.014525431389536	61.25862056789392	1009.2029316756539	69.81450885677974
-3.114426250582916	57.09242227625718	1015.2952432585324	82.36842579051857
23.866404954574335	64.27398122874033	1017.0655347676143	78.53012655537296
-3.114426250582916	52.48449375762462	1015.4468528467595	72.93392705344039
16.40362185527552	62.75414233544592	1020.7215779262532	91.59122067272617
24.44046519298194	60.403072912201054	1015.6407993939847	89.20737543154483
16.97768209368312	59.79052970438058	1017.1634605852392	78.35897988868878
16.40362185527552	61.95553234002794	1012.5794045082814	91.20651846934118
3.774296610308296	50.35255648198064	1018.2010241146452	82.96137716139256
3.774296610308296	52.454560710312144	1020.0719933544198	100.03397545500668
-3.114426250582916	60.36292741345256	1014.7134325956606	83.82948309613361
23.866404954574335	52.000783126812834	1014.8294529930084	82.59842839372382
-3.114426250582916	48.87983201981213	1013.7765306976119	80.35376152713293
-3.114426250582916	54.3702757383107	1015.1290626984614	82.63737109899213
-3.114426250582916	42.907123353282174	1006.6535579070662	71.7648003960427
-3.114426250582916	42.56171637513027	1014.657771826669	60.15311788287642
3.774296610308296	47.19383227874288	1014.710227754623	89.88571458499901
19.273923047313527	43.76780503628497	1006.5512927819011	94.57467415747693
19.273923047313527	66.81834585348477	1012.814621165211	75.30729345880977
23.866404954574335	57.415569446469604	1011.4709985365828	71.73702899437822
26.16264590820474	67.95278054503574	1015.2710888889575	79.10340189390635
16.40362185527552	47.71944917579214	1012.4378430519345	96.17479123822636
3.774296610308296	60.7674591104446	1014.6883584173887	77.72598398534171
19.847983285721128	49.47756624633064	1020.9064584010589	69.54609150717512
17.551742332090726	49.866918274128295	1013.6581039862633	96.2372319389518
24.44046519298194	56.214299727916284	1004.8625894848602	82.23091928567979
25.58858566979714	56.63488221064987	1010.926763722581	90.9363680373624
16.40362185527552	51.440191827114255	1008.0448667672081	79.32377116064774
4.922417087123499	49.36332023788847	1014.8468273957936	79.39698910871975
16.40362185527552	47.16045183403095	1002.6831881038227	93.04072792163574
16.40362185527552	47.28579994485095	1008.4362823962483	77.3613786510769
25.58858566979714	46.953107561408856	1009.5058632106484	82.54104156014245
17.551742332090726	52.34248322604059	1014.3018412794722	86.6197878022051
23.866404954574335	48.23687387041904	1010.2595138866359	78.08580325768582
16.97768209368312	47.26830347632897	1011.998219572913	72.46018343907053
16.97768209368312	55.370243396888284	1009.6875420642837	86.12487609782153
16.97768209368312	51.04431569241011	1014.3907944008231	80.55249595761413
20.996103762536332	54.66367520515684	1016.3771185987481	99.2467390461485
15.82956161686792	57.36778777713735	1011.6767308706244	77.42852889794493
19.273923047313527	49.457734444086455	1011.5407215384192	67.54081190397449
15.82956161686792	54.304348896644775	1013.5675355649253	59.399085495928425
8.366778517569106	65.79439468826797	1010.6482580992855	99.84587289189366
16.40362185527552	63.86544610251021	1016.1983258193092	82.46488540619106
18.125802570498326	69.09637122752935	1013.825538147919	82.96679447848264
4.922417087123499	68.31940940502838	1013.6309111354501	97.5983366836237
18.125802570498326	69.38000306841036	1015.4903661305323	89.36443554347925
15.82956161686792	62.81039422311983	1018.4487692743985	77.89034370250766
13.533320663237516	22.617002598920656	1021.8803801842611	51.4206514099437
13.533320663237516	30.385842379356227	1011.1502815291054	71.17357828175396
2.6261761334930966	68.14579773061601	1022.3398283849186	87.96463294402896
22.718284477759134	64.45167046996926	1016.787727855476	86.77926963851664
-0.8181852969525103	56.8826685323344	1019.377191115837	88.74809329923748
18.125802570498326	51.7298288118524	1014.6469659527352	65.82043114898303
18.125802570498326	51.68807082077189	1018.0118461905714	70.57501447855572
18.125802570498326	51.976503069859675	1014.9684471420005	74.81512867086029
18.125802570498326	52.58491310767973	1017.0309866670923	73.139723890241
-3.114426250582916	55.68086131633708	1006.1649720558768	72.22780502095503
9.514898994384309	50.999610732584905	1013.8984724305271	74.92319190428292
9.514898994384309	53.31283292201425	1016.9910173836898	81.7857772691669
23.866404954574335	53.873368618528964	1013.8859031427204	76.89529044030681
23.866404954574335	51.253124182207245	1016.3791320889646	78.8167584859563
23.866404954574335	47.65452319143572	1010.2847200794582	64.14385185116979
23.866404954574335	46.50049764477065	1016.1314835252239	70.3431946256204
23.866404954574335	59.27764593643576	1023.2100790343292	81.77116658133707
23.866404954574335	61.499345285227946	1021.2049111009396	88.69561877861068
23.866404954574335	52.92257270888018	1015.2752983285253	75.41469483075176
23.866404954574335	55.59252639157469	1011.342368066445	88.50948649678395
23.866404954574335	60.15932708854385	1021.5351320827599	84.18538858642748
23.866404954574335	51.94204763025975	1017.4483984296795	69.62713319355873
10.08895923279191	40.84865641791476	1017.0830916295341	57.94989961328692
23.866404954574335	57.97343619015893	1018.1128952792678	84.00692318556722
23.866404954574335	51.97813409658631	1011.7437448909541	79.578691126994
10.08895923279191	52.192095148088	1012.2886204585056	83.87708738748383
23.866404954574335	52.50797683560909	1012.456728645671	80.50515947148732
10.08895923279191	56.12162775481264	1016.214039843968	76.82381322618676
23.866404954574335	70.64112034719402	1020.987211594236	78.54832200740717
22.718284477759134	54.637578777530855	1012.8152307933789	62.63002926497112
22.718284477759134	52.54775164646517	1015.6429245062601	60.04511968786518
22.718284477759134	61.16611540434185	1017.844232789648	62.33555829292057
22.718284477759134	59.432815888200516	1022.3502553878257	52.83670978645314
22.718284477759134	62.27929114526284	1017.3132885136798	69.45141853492149
22.718284477759134	57.733360176636616	1019.7139881395318	65.26287215127313
22.718284477759134	60.15726977074095	1014.71950633827	65.13283741216664
22.718284477759134	56.46536663744868	1018.3546289471753	51.72719657177977
22.144224239351534	54.10234252967345	1015.5880171861661	52.99134817401041
22.718284477759134	63.217669010515735	1018.1833642169787	60.87241975814098
13.533320663237516	49.308402826627244	1010.5537936387758	79.8776382720639
13.533320663237516	50.87239064790823	1010.8137624872688	77.78975606060624
13.533320663237516	47.030062367874116	1012.0039165910734	74.93398828057403
13.533320663237516	59.395394945461256	1014.6083135949701	84.14014863262084
22.144224239351534	56.193040777286306	1012.4937603370038	80.49522007191102
16.40362185527552	49.184481864193046	1019.2517182620197	84.76177046555208
19.273923047313527	54.272117584399325	1015.5186065114368	96.938587038461
19.273923047313527	60.163478792938896	1015.7980126242269	73.64218387613498
19.273923047313527	50.35911765767638	1012.6690305818529	51.15085677633314
19.273923047313527	54.09500290940364	1017.716433045218	58.55614560060725
19.273923047313527	50.22526225972547	1012.0443216298213	59.968994140225035
19.273923047313527	64.90902519163038	1015.8448455909632	68.6136931898784
19.273923047313527	61.92628506531643	1014.9797961001825	71.16818774518622
23.292344716166735	63.83618029340409	1016.9779640425314	73.0599561915629
23.292344716166735	66.0512072601328	1013.0226460446163	81.00182338718957
23.292344716166735	56.96794528198436	1016.0869012455792	57.79337128601036
23.292344716166735	68.49993440863429	1015.8144747313382	76.27436490095634
23.292344716166735	51.679785946376434	1005.3148584552096	83.89037052656346
23.292344716166735	63.15381802104732	1017.0482827197783	73.90766684564913
23.292344716166735	55.5251167983391	1012.686209646035	66.49435916782924
23.292344716166735	57.13332768518513	1014.1621816912829	74.43337232493246
23.292344716166735	49.25235481729416	1006.1377298337683	56.35486318020389
23.292344716166735	65.84043412450588	1017.1497310719932	77.06549596292025
23.292344716166735	59.953965996146174	1016.327920102994	66.19165127226532
19.273923047313527	43.99729791047885	1014.8762022432007	46.055805014699985
16.40362185527552	53.54846068082758	1018.1979770470948	87.01947944652156
25.014525431389536	63.75583369272322	1012.9795953484146	82.40984760699762
25.014525431389536	64.11486345092138	1015.7655252386386	67.71135792180051
25.014525431389536	62.970308979907486	1013.8475169606343	72.05546470813235
25.014525431389536	55.53442106443869	1006.2592604969858	83.23378863461444
25.014525431389536	61.21230311573671	1014.1349781075793	80.39444496635322
25.014525431389536	66.18180060463045	1016.3837150331142	69.37012817225902
25.014525431389536	60.8536625798256	1007.8446811908632	78.35574327127479
24.44046519298194	61.78442280888938	1012.7836685829327	67.71526787806187
24.44046519298194	64.89012010911722	1010.0600334611823	75.97617908787863
24.44046519298194	67.38572074161453	1015.2859238899024	73.25378213487843
24.44046519298194	63.48424920834568	1013.6368292511504	73.31917634463886
24.44046519298194	67.52934376553057	1016.7529371916336	78.18643680905411
24.44046519298194	64.63317779649006	1014.5517984879122	73.3180745174341
24.44046519298194	67.46803198812519	1014.8720872530674	76.50328480590136
24.44046519298194	67.57662500620805	1016.2917545559068	70.37170823033253
24.44046519298194	67.71654115119992	1017.1860726384809	76.33021759318665
24.44046519298194	62.93201692062106	1014.308697449783	64.43137901635698
24.44046519298194	64.80634464543154	1013.1324928834752	67.66801938507986
25.58858566979714	69.64474836117286	1016.9628854049771	81.78146560507048
25.58858566979714	72.02684436101283	1014.4180763346257	78.61098460388912
25.58858566979714	56.40787294533517	1006.0031308033459	63.92161559944256
25.58858566979714	63.69863655092366	1014.1412428956357	73.22241449164287
25.58858566979714	69.14700719363319	1013.426120075886	78.69698068690526
25.58858566979714	71.94236459033155	1016.513883526429	72.26709969880265
25.58858566979714	73.5139329790124	1017.1584386658773	76.02715389925451
25.58858566979714	64.66483454250226	1014.2830555016152	73.0165908743199
25.58858566979714	72.04513780850348	1017.3520589332379	78.34726914884928
25.58858566979714	71.69945281443226	1017.1409794732589	80.80725524082638
25.58858566979714	63.416135308114505	1011.1680981269701	89.07150253856867
25.58858566979714	71.94729473930066	1016.3944511432612	84.02636201899568
25.58858566979714	69.62599155381668	1015.3972089360587	81.22264409702179
25.58858566979714	71.36713111888258	1014.8936786084435	82.2239448725052
25.58858566979714	66.67726204163178	1013.5163815365621	68.17260268381635
26.73670614661234	69.46540955882269	1016.352765670703	75.62528155526196
26.73670614661234	71.79974242372502	1017.9525738040005	78.76818244422412
26.73670614661234	68.35019503449341	1016.5931480677242	77.81712958022455
26.73670614661234	67.95808138189727	1017.8176667396272	77.89637697161152
26.73670614661234	72.65758834435086	1017.26153451675	79.68205246585187
26.73670614661234	71.15898986729181	1017.314717061376	83.8683990208796
26.73670614661234	69.72101739503715	1016.3182358160944	80.13051526713467
26.73670614661234	66.89055585492713	1016.3036584045162	73.84875352229449
26.73670614661234	70.75130732321425	1017.1108619098444	80.26257384857213
26.73670614661234	66.27020966697133	1016.3576845543183	76.12289044082387
26.73670614661234	70.46337550278122	1019.0600696266034	81.22699784479616
24.44046519298194	67.20949571756064	1014.4102574240567	73.07897801400067
23.866404954574335	63.4190822768592	1013.6688465361444	77.58132325524979
24.44046519298194	70.71305233271707	1019.7104130137797	82.93012429182414
24.44046519298194	62.63365023601656	1020.4934192179717	67.50868292874674
24.44046519298194	64.00773465001356	1018.7910958831656	69.09820640001703
24.44046519298194	60.481325126289775	1015.7204052411909	73.35302692487406
24.44046519298194	64.07115934840569	1016.3151393772487	77.37650582040895
24.44046519298194	64.2899578769034	1015.2058093036969	81.79399123794684
24.44046519298194	65.53052051205265	1016.9765515941706	81.96019115957631
24.44046519298194	68.67816114730721	1020.5371278403476	75.49556818242354
24.44046519298194	57.708431415871736	1013.5403405675339	85.93577117801529
24.44046519298194	67.35678855161157	1018.4276888045997	76.63354526655326
23.866404954574335	59.105313135252224	1016.0684331612745	71.44845356303092
23.866404954574335	59.233663818000785	1014.4503297432058	62.2226018754879
23.866404954574335	64.93160008427841	1019.7262740790353	76.0071258943346
24.44046519298194	61.65809237515448	1013.5193738663721	75.25219444699384
24.44046519298194	65.69100983507354	1014.8480230397707	79.21746013854379
24.44046519298194	65.11759273429743	1014.9179327938981	76.01680131447642
24.44046519298194	61.134625467881236	1010.2197978994441	73.12471532036503
24.44046519298194	57.70181463699213	1013.0469678472797	86.21037482827997
24.44046519298194	61.47938374222142	1014.571734831607	75.23596545045703
24.44046519298194	65.45362130877126	1017.0530384634613	75.8389250851076
24.44046519298194	67.74886513541847	1015.4391960028338	73.0715904156243
24.44046519298194	67.74797548447668	1015.1461151145381	78.00369035040869
24.44046519298194	56.500767331174266	1014.1643186097375	65.99839537149668
24.44046519298194	49.81378016475067	1012.3931223180051	84.44517113047254
23.292344716166735	58.56164373784239	1016.1064962833632	54.23964953280587
24.44046519298194	58.263202915659406	1010.4357651176565	77.34498897140607
24.44046519298194	65.67317974744842	1013.6461400334682	79.37914180347595
24.44046519298194	67.08844758629266	1014.9190565275104	80.93976909114357
23.866404954574335	55.56604074166166	1008.8326759398004	64.95848473437971
23.292344716166735	54.22155575587397	1010.9064173824773	63.89767381247241
23.866404954574335	53.589644105674836	1007.3903794110948	57.93925244276311
23.292344716166735	60.39777207533953	1019.6736131528769	72.32183143488365
23.292344716166735	53.90521070848737	1014.5749826042058	63.67441607510744
23.292344716166735	60.64155496778598	1016.9149190450272	80.02697411619826
23.292344716166735	55.73418476966092	1017.497652736463	65.6778019127999
23.866404954574335	57.130918213884435	1016.4669088855409	71.4735430866727
23.292344716166735	54.1099972346518	1014.1913139753696	54.05395721670326
