6.839849356804528	0.7290737312204384	0.23891824728834254	6.175725188070976	0.10479330384580157	8.181740948715142	37.00272179366882	0.9927348551770405	3.0794226202035633	0.711262560384987	9.359301437235612
6.839849356804528	0.6781211967725046	0.22357641701283976	6.037727833736804	0.11679575220478547	12.57654898197448	5.375012316662193	0.9980846088270485	3.292938696231209	0.9176795535725955	10.547878331389844
6.839849356804528	0.7717046604938467	0.29129544871624924	5.309877840120837	0.1181412330276756	14.900818855453412	22.317808417423112	0.9961769387679864	3.2659450705492836	0.8667990188741301	10.009659787514828
6.839849356804528	0.6577367340591675	0.1210517401605298	4.33056072762517	0.08717784700048063	19.586530636677775	1.6594020089488524	0.9974961810950451	3.115120621868409	0.6304512888954075	8.703522045105874
6.839849356804528	0.7722539663496933	0.34351670197064305	5.875828483372889	0.10399071025295617	9.145787418041643	26.993265412099216	0.9947193276359111	3.133332297169058	0.8019893924801058	9.932369535863995
6.839849356804528	0.7544822815663106	0.13221852714520915	7.142619222578133	0.14378885898289834	3.1474311953895953	20.970978489341846	0.9999704432668222	3.2121699691215695	0.6320673859586527	8.985039105378275
6.839849356804528	0.7556511337664626	0.2979651584230805	5.04482374788723	0.11280940392830122	2.074506038048792	48.63401596672541	0.9947888953139592	3.130256878077059	1.1036719190467492	11.164437664218404
6.839849356804528	0.6586376629590327	0.17589400206076644	6.283790866031993	0.1485423460586716	9.041370615275692	34.319569732816205	0.9979820446093429	3.274904630441151	0.7043934399624465	9.973751277691903
6.839849356804528	0.7211289851935689	0.30208769781719413	5.356029803112109	0.08805864128717827	17.168803194575567	1.0469861438354755	0.9969676647147823	3.2998043136039508	0.9803613156871078	11.027079911889054
9.336503838055132	0.5286368192816071	0.3643586810876501	0.4700758227818378	0.07269041790924902	19.735982072610998	70.53614119391933	0.9955946386932708	3.080029814460281	0.8848260237864777	10.111487829529443
9.752612918263566	0.2742850749295059	0.014534598409413513	0.6932096146996587	0.08456857434275734	16.333071608809718	107.35276165334801	0.997972299591175	3.1515552971993936	0.6818668100530759	8.458969082619214
7.2559584370129615	0.2126341149461043	-0.041154181648727695	1.638635298184636	0.003214119418531572	-5.808912925325728	16.38871755614515	0.996680013254563	3.2933250582590303	0.5388560948693311	9.618134299404302
8.08817659742983	-0.2561437547946497	-0.6166217041108113	1.8422994283629244	0.05902482521413978	29.669888637716667	13.035949503402406	0.9975703813390191	3.3760691957170716	0.6128448731965759	10.197672293632548
7.672067517221396	0.21347237418860276	-0.004753245190573185	1.1497460667397497	0.03700762715621568	15.339548150707616	13.856635260171139	0.9974681117049928	2.9702252354151613	0.5921557726428448	8.627149330041542
6.00763119638766	0.2737042239441119	0.08877621794962284	-0.06802962721115158	0.06712175650743293	0.32610482297185506	40.07393481823581	0.9965610853886027	3.1430445740941213	0.7780114655000391	10.411491989354827
7.672067517221396	0.10270186208481791	-0.21222327567001603	1.7970760732687867	0.06065903386391102	18.603550632034565	21.902858274941316	0.996487271587735	3.1316837940176208	0.6679205398932307	10.24615021291386
7.2559584370129615	0.04297641680897141	-0.3543115300439672	-1.9745353868457043	0.045133179617533	27.530312267382882	54.260509266142904	0.9914113809812112	2.841946813577139	0.9641574932811057	9.819068077634684
3.0948676349286215	0.3691572623432785	0.02578677357577369	5.108355377750687	0.12899846296221215	-3.631152994584305	41.225670013396446	0.9985575613405165	3.1664020178190464	0.4944407035211781	8.919345169338127
5.1754130359707915	0.20360631947145091	0.18825531574062043	5.333522474804695	0.1357752178618873	8.78430024474321	78.28925060567288	0.9968588207965996	3.171628758060585	0.5632119480636972	9.983556292517198
1.0143222338864506	0.29868670474023473	0.10577149226531782	3.1560387968698933	0.045817285577718934	20.52272600587272	28.889545262629092	0.9940981456830833	3.1537128469502616	0.7497211776611036	9.745427769689421
6.423740276596094	0.1940830551620446	-0.3154866889057165	2.432303574713836	0.034328702984699325	21.353778507525554	54.515336773940625	0.9963510155495373	3.605261906304932	0.7963142697126321	12.840580032012653
6.423740276596094	0.3688813476101731	0.13134300827586542	2.6271532042153853	0.04784661502761596	20.798909876495486	56.533318448611155	0.9962290990846361	3.621385112705804	0.8517937247071823	13.63751190576711
8.504285677638265	0.40166472864243075	-0.0552850935225902	1.1474895144321813	0.033477101717534825	44.47353027355232	53.83518604367569	0.9930443485916812	3.2510996711480944	0.8313970355949845	12.172541004244557
6.423740276596094	0.02661164480338951	-0.3485802329232879	4.409928357964549	0.08404098414057767	22.386372938539488	80.7308042035923	0.9950996145768142	3.624710808323885	0.92619082191631	12.9332411259291
5.1754130359707915	0.48814254678285596	0.20892979683555882	2.08894491001985	0.06339640125964455	15.433762812516285	49.21674057432206	0.9971198060987017	3.2636869194496967	0.8281076428456503	9.040668759374192
5.1754130359707915	0.4133515682370412	0.19613357335615694	1.5562365231048552	0.07573052349383352	4.719107002813573	61.320211959702085	0.9969864087892205	3.185272603641984	0.6439520516298048	9.770820805165025
4.759303955762357	0.5566316496486146	0.3228454992169978	2.0763321973554274	0.041788820437598725	-4.728863645223999	31.924034889741208	0.9966673619941817	3.2117566164879943	0.5860953614620917	9.987177615815483
5.1754130359707915	0.4546151212950143	0.14952589955200954	0.8624911720902213	0.057400366632596546	11.867736001353599	37.623624724224804	0.9981237108510287	3.2002633370741562	0.8634813099748735	9.827851175564554
5.1754130359707915	0.36274392720548915	0.11594035216037019	-0.453774150367082	0.07729556670359433	17.36361816481398	62.886304549916765	0.9968290155801354	3.250892994831307	0.7247012163638876	9.819221280991329
5.1754130359707915	0.25174502836378304	0.05169888402866696	0.3116942458240306	0.04823169983375923	0.2969505296523227	50.21807958122652	0.9984530522370137	3.2172789321743633	0.6521010620288438	9.0944246184696
5.1754130359707915	0.5431597763233658	0.14469866808793394	2.9111878211276343	0.051419600440838154	23.66507230026138	25.675695652496316	0.997568935344937	3.2465086257329863	0.6565034682444661	8.988138527131944
5.1754130359707915	0.4028117095527634	0.091740847199005	1.0335165658127334	0.05589433849856188	17.435014534469406	60.315370354360994	0.9979053182311292	3.2971490419833396	0.5696512293304137	9.045291796927463
5.1754130359707915	0.3331768875818541	0.010903104104990013	-0.9851606130200845	0.07769031580023927	21.34422796316226	55.71500368155338	0.9981001251512793	3.3352252368824544	0.6289197627332642	9.540480400225608
5.1754130359707915	0.38025315651103975	0.16081812091816583	0.7887152562951192	0.05220160737936048	10.38622254549188	31.249407487780196	0.9969993657197638	3.2961398198227334	0.6450420346274894	10.362005621605048
5.1754130359707915	0.5693939678599174	0.3235048493050749	1.6738857757060415	0.031513763931773436	2.0548650550014713	40.79002759707361	0.9967296933666863	3.202100208229387	0.547974083918719	10.010142967331939
5.591522116179226	0.5332205369056647	0.17445410412880638	1.607392232809263	0.051009897427233525	10.640450713738208	48.77199140206397	0.9960015838733749	3.1059864723938673	0.878836402980531	10.115457648375262
6.423740276596094	0.7677400686123667	0.4159494840933662	3.1121709785332143	0.05359995587425528	6.286612592036031	28.358739941089347	0.9953064392440566	3.1700591505259674	0.6894668646922834	9.25720907734195
6.423740276596094	0.7115459954388866	0.3511018254385544	1.7652274812959847	0.043914564051908814	8.923189610171997	32.79628967272318	0.9956710910769871	3.1943606992157987	0.6667633532330633	9.59093986182309
6.839849356804528	0.7446578664201613	0.3427714593406861	3.320268446359787	0.060439385699314	6.609612126516298	45.92928251089013	0.995440679126212	3.2012933212391883	0.7302879927436031	9.808965073862947
6.423740276596094	0.4562428499796447	0.11109052535938196	1.7554893895124795	0.04668781512983047	-0.5993547166269231	36.98485854164198	0.9954255017315908	3.1539465138728033	0.6288727579243928	9.821164101579996
6.423740276596094	0.37849125587540244	-0.06734379108307892	1.1642606446327164	0.1248256339086514	1.557305895833018	95.5908205586049	1.0000235633561045	2.975358924127772	0.5394171321864628	8.200873616826467
6.423740276596094	0.5315082672738481	0.08173474434015127	2.142520217718789	0.049238844711364735	13.539863180842978	42.78871803727774	0.9966917126612276	3.0868299371463332	0.6484441256535152	8.919141459380391
6.423740276596094	0.5486503112714705	0.27900731770126175	0.8327185279717366	0.0379108380220651	3.994053752797795	49.97992983060016	0.9943283945041864	3.204314947865174	0.7485519094436358	9.23512254068449
6.423740276596094	0.7637948244103426	0.2811279505937341	3.3366668290359724	0.055339299423951445	3.7017164923260033	29.402595104401584	0.9964292449380292	3.1846759791329737	0.7075656038511013	9.507183081679132
5.591522116179226	0.4603142746998574	0.0875695361736537	1.9181001207505892	0.08655307063435079	3.7795729767846726	55.76021414445088	0.9984248339713385	3.3135049715792793	0.7067584048039763	11.047624313659842
6.423740276596094	0.6382384791852401	0.4978072956897417	1.7560587952192581	0.08727923627302178	7.362516476663631	30.021800621869048	0.9976436930806052	3.1543957281503876	0.6901366360251177	10.131279682943964
6.423740276596094	0.5946119856233253	0.3155410521997978	1.8089307489085904	0.05824007338837438	4.765469651896208	38.574580199771496	0.9979589847256234	3.17785566067898	0.7805451945951072	9.933734897646843
6.423740276596094	0.576655236079933	0.09175380925611779	2.63715869092551	0.04116638866265568	1.797962237878874	33.48880726977592	0.994816947282396	3.0044442273828853	0.8879419329239531	9.841021613575935
6.423740276596094	0.6853303103783359	0.11883053784438843	2.7417953926699368	0.06668260314111614	14.308858864020864	49.83829013843558	0.9953514820389043	3.171449449840541	0.5822398344886399	8.980219092080745
7.672067517221396	0.576552188656746	0.19634671597622994	1.8360033564509677	0.07076505106368351	17.728015802898884	21.599614079523324	0.9970712219645684	3.096935182191535	0.7588697481524078	8.968488092200483
7.672067517221396	0.6784602017647041	0.42552869647983527	2.8263478758547396	0.06595420728156015	6.491611086186181	43.55856223058545	0.9960959535966873	3.199624056083325	0.33579418789887705	8.744157972790994
6.839849356804528	0.6082941598122219	0.18653121083655647	2.6303167922215045	0.06951135240798376	14.427269479352917	9.513332369547712	0.9959529538095282	3.1279785312095303	0.5413380997972074	9.442477391467014
7.672067517221396	0.5871925711538468	0.3334453853380661	3.8428399066570122	0.06187424691305681	21.71258482626587	41.272577889382475	0.9983591798216332	3.2942769017892224	0.6841551325154821	9.51405703008773
6.839849356804528	0.7477867226695065	0.29759687460581297	2.0098888223623295	0.03297387238963747	21.297002724302825	-1.7140852606998394	0.9950566750460859	3.166957307064699	0.6821675275652532	10.44677758443095
7.672067517221396	0.6012961882734926	0.058008884041612696	3.211569649454315	0.0836205589111798	8.480060486487922	35.49746664399201	0.9967234326716078	3.016925589461914	0.7163252992168029	9.209327135953522
7.672067517221396	0.6548493032012892	0.33866783345403284	2.536927232803306	0.09281864747015382	15.265508160585153	25.491836177637822	0.9987102633836966	3.362736025220086	0.7684998819667279	11.145731702727359
7.672067517221396	0.6526213758518095	0.1825779347252079	2.4953877068764587	0.06966237839150385	24.093599454558298	29.482481291821784	0.9966457639423766	3.251986019991597	0.5745374641610457	9.318835548440836
7.672067517221396	0.4884159379055976	0.2882358484414063	3.16110374842552	0.09174694055718513	13.671529132601279	15.995133264126839	1.0004847071818657	3.2932597523178355	0.5582794635215251	9.649961875859006
7.672067517221396	0.38689571959020486	0.12827059725196935	0.7676266763038031	0.08490902613862518	9.107349424678258	73.87177345738746	0.9969740426098193	3.150606851088108	0.7228276311106802	9.269714511772287
7.672067517221396	0.4875452923300977	0.2535711215320904	1.6803288395757834	0.06208774767393236	19.185016815463	0.364922455962855	0.998563921813938	3.327866427531844	0.5180067249070384	9.296560453805967
7.672067517221396	0.5479449621747973	0.2957401734054471	1.7156886831272136	0.05300960496896568	8.429136661247377	35.19201311725245	0.9982421065658263	3.22717995459421	0.6486100582920613	9.774181177691002
7.672067517221396	0.4809363773891161	0.08328736677657492	2.3870772095454775	0.10681705774348609	24.632699448013884	44.72562802967259	0.9975325225848686	3.2671568166257923	0.8132784751312206	8.687351514989638
9.336503838055132	0.6410935237101163	0.3405566623990713	2.513531430921704	0.1416180534696811	29.14085426021772	4.430604005885527	0.9987670530987057	3.614243549419689	0.6415787807176311	12.225739607174585
9.336503838055132	0.6055758108487163	0.5167926744784228	1.8920489317271558	0.07020234917885282	30.258857490498727	13.12152067751591	0.9971533411246548	3.4232685928520312	0.6369808042932105	10.775348277833876
9.336503838055132	0.6446000803105723	0.45329332194344313	3.2508104820345016	0.06427179154958237	40.954374977383765	20.13137870101528	0.9967161567714836	3.3512648290291374	0.5904743596604448	9.891432252125693
9.336503838055132	0.709645296233242	0.3477184763520105	3.341420739588777	0.1072825734643666	22.98749251637894	12.085452059958975	0.9973502861521553	3.266047559352951	0.600547735608219	10.810707949258267
10.168721998472	0.5515474159690763	0.13747612916704213	3.396561787561598	0.19030017272471775	25.036223910147246	48.31619557319803	0.9991072544862474	3.2266922362356896	0.3106541661259895	11.657683446927882
10.168721998472	0.6462917404577514	0.3658995014954185	2.257798535192015	0.14709138722495116	25.200128379103283	38.48787741693231	0.9979630091187918	3.419307579898509	0.4789932998667731	11.41420795859785
10.168721998472	0.6971403862790434	0.3888585829835053	2.8784923949406984	0.11551620586088006	24.258472009882546	51.73192956860552	0.9975292599914302	3.392006299060087	0.5965321280005385	11.82203192688071
10.168721998472	0.6396386623354042	0.4716167279710126	2.2091532273878007	0.11523628454723715	14.233844581848345	31.595841416228403	0.9979903863955758	3.5121407302892007	0.6487897714569029	10.849584563672023
10.168721998472	0.5959335162504854	0.5213049834342789	2.9111873194485978	0.14975510014632878	11.961174952931332	62.599953656189314	0.9983349606085948	3.5232591611503996	0.6374227250063347	12.314558832301314
10.168721998472	0.6257663761657705	0.35052821658429745	1.3984128132359799	0.13140976062752854	23.87268959215117	40.09209444397653	0.9994111777352945	3.4949067566515293	0.6402358401139718	11.51718755111736
10.168721998472	0.6731951093424291	0.4377658366787097	2.3022081668884478	0.10197750701561221	15.186447773848066	32.72313925152727	0.9985740580265621	3.4645517624530084	0.679667966624425	11.016190688693655
10.168721998472	0.4963922290620141	0.21887477123830074	2.3067538806409766	0.2118934572590392	25.279405964705035	60.792047058522265	0.9991154790725217	3.274654542660563	0.29829152384414515	12.11827166137138
10.168721998472	0.690982776991449	0.5164453720454312	3.9068727138782413	0.13057537209078418	9.378661835050742	50.66266709509522	0.9987753647930573	3.54396001203625	0.6216096654692634	12.664549375227285
10.168721998472	0.7232433500766793	0.40319814867167025	2.0278414066945505	0.09503294229062857	42.826430608953885	-26.10017246996138	0.9975895150241301	3.3184087682792436	0.8620840023633629	11.014160323329762
10.168721998472	0.7416766413770964	0.23076022107045277	3.1354443707298345	0.10283628501921434	19.820081473008248	22.715380283046198	0.9960834892227263	3.2825614689280243	0.5102645231952199	8.540735902680154
10.168721998472	0.609660274222475	0.25763626473556434	1.6039431894311988	0.13029333492655806	28.956396572982776	4.212769326191655	0.9975549331174668	3.0484983695927763	0.534335893470031	10.722393790142457
10.168721998472	0.7602541990699758	0.4266398524341248	3.485839585594108	0.09744535506638746	35.31884014962736	-2.7417476420088533	0.9977757885202774	3.3136074603829466	0.5465292051753387	9.24644275354254
10.168721998472	0.5944046289717693	0.48841888276653256	2.6606131892544185	0.12749437912330802	28.505845453809098	27.77030340373448	0.9981959741281216	3.4820431849455646	0.5867005719731027	10.887760819883969
9.752612918263566	0.7743237474497107	0.4716116843690231	3.421591558066088	0.0815539733354731	25.302882059134106	-10.419335642855543	0.998507808374365	3.4752755264846154	0.3379571642042927	10.02145307886977
10.168721998472	0.7978332809968476	0.2883302142346284	4.624421731831403	0.16217920321545487	13.561744415037245	26.01956998977929	0.9998050899632607	3.152014326242707	0.5726457565718878	9.446664388697528
10.168721998472	0.7117588199128978	0.2683022220426941	1.8721894653760227	0.07216914666624351	25.501674871436762	-18.613826343755022	0.9982985652701418	3.2533970813105966	0.7271654765044792	10.733958118239117
10.168721998472	0.7318841919622215	0.49300785447262785	3.944561853197577	0.11560392788235671	33.655338867905996	23.458739443559963	0.9971432841011919	3.452466765913025	0.6481200001240687	10.5297228918507
10.168721998472	0.5767313649925733	0.3389811924456356	3.1579406620984374	0.09592082753603749	16.423283605826754	11.675567213677851	0.9980217563898638	3.3156496866365015	0.7103188774952355	9.80016177329264
9.752612918263566	0.6768745332528031	0.3841076612175296	3.0887245070688945	0.12171919354902586	21.40269169184751	27.37903621529734	0.9964816776653932	3.349009886602962	0.4772571423278563	9.630265984986561
9.752612918263566	0.8116050433536577	0.3785627251903593	3.7478324323451035	0.08313548586869236	26.857355716476825	-22.649574148576903	0.9991499627846252	3.4670086625586025	0.457471138182321	10.432605432164582
10.168721998472	0.628540244557279	0.3640479952051018	5.0718662546874	0.15848469935657566	21.889452964601325	41.74621002721036	0.9959641226488132	3.2432187917589137	0.558653803023501	10.779511705317212
10.168721998472	0.5884068483405468	0.6396955208087927	3.714206893223923	0.12338805640024095	26.88510132001698	14.913908069802186	1.001213827128873	3.4861317898535598	0.39481504937707174	10.06785180973947
9.752612918263566	0.33360337773333093	0.3514142765817991	3.2755763693656297	0.1219005848476725	16.67501088428854	49.82611187310204	0.9975524259886256	3.294929583710183	0.31872370253091253	8.843201417532079
9.752612918263566	0.3743798739910966	0.617019082776193	3.126716660526463	0.08502022266454523	2.8529095349074804	15.53567317843488	0.9979549761702873	3.4075498680464795	0.48094031833544637	10.338004884766208
10.168721998472	0.4733138122853544	0.545849218591621	3.0379907094344434	0.10989604923068086	23.712043106165066	11.49477924821764	1.0011905154236211	3.4809503485307696	0.40565598176207923	10.140308579665813
10.168721998472	0.5965000667771513	0.30339620991732974	1.2498882259934017	0.10474575439283035	13.215361871355617	35.26699566686136	1.0001084414665646	3.472113473210511	0.7811817416453657	10.4811776304346
10.168721998472	0.7202974555787073	0.6661667649782331	3.2745378937594345	0.06693175884357623	19.31525546039638	-6.353492434543497	0.9989846664972598	3.455546148660414	0.5563515112604663	11.277432715734424
9.752612918263566	0.3297300564266742	0.41325715891539294	3.2263270400010975	0.08606253640995265	32.28758797167255	-13.205006065642003	0.998748597272814	3.4765625820135426	0.3797163119153795	9.844121035329604
9.752612918263566	0.3330717371500305	0.6089950650631621	2.2934879818706286	0.1281351959242646	18.759679381635692	17.68405928720786	0.997497269154119	3.724428261891302	0.702232351400359	11.510135146051569
9.336503838055132	0.41627643264864833	0.40579156881463085	2.687821751815771	0.07999313323430325	20.85914222450727	21.957094664579387	0.9978592649825855	3.115522838517792	0.8678291604083117	9.689648279443599
9.752612918263566	0.13878738727806583	0.32470467178233847	0.7392823124031145	0.1946626563312298	20.942279744218162	68.71037134422544	0.9977416278999514	3.2521885439074993	0.49679169906207943	10.473143713754258
9.336503838055132	0.23500213540536335	0.5188000280702126	-0.1926196092865946	0.19725531670261742	22.71458524577165	38.91088353581836	0.9977029978433715	3.4268292766111177	0.5675416761611851	10.678919391475977
9.752612918263566	0.2831988873360621	0.24371264490346703	2.2183786031956867	0.1810089295549318	17.259275830230195	23.95864106966262	0.9992064183213742	3.5329376526318965	0.8129205589961999	10.686039138676556
9.752612918263566	0.16672249219979768	0.33622143430906376	2.4406098745262876	0.13201620915279577	14.10892420625827	37.487023385196	0.9992228674939231	3.556685044549044	0.3560938470040069	10.067424187183558
10.168721998472	0.629624976411972	0.35255574458404504	1.4626493021461535	0.12462305551159725	19.158245503972907	37.30483438036113	0.9980280455930404	3.469978006682533	0.2764378744312667	11.059670138020245
10.168721998472	0.7320839777826866	0.5643636762625498	1.9642741576194807	0.03389292354228547	15.747838576499854	20.930698607320533	0.9967915353501751	3.3990255552655824	0.49816559865632065	9.804875722727878
10.168721998472	0.6247939449722651	0.3251872940567062	1.6753627187904083	0.05477259457855794	8.077212443675936	16.964086707024872	0.9980768767973563	3.260850829645083	0.5776984903640643	9.4316167886789
9.752612918263566	0.41210784892943053	0.28634172371427896	-0.16505635964621757	0.2948453793735846	27.33390864259151	100.75109106304126	0.9973816941572407	3.694197273482854	0.6164999218285763	13.067154328063989
9.752612918263566	0.4341612592966734	0.21805700161173586	1.7623508536989205	0.16659481182715066	-0.07541520392476642	33.01105284301876	0.9965595316972614	3.182361770621436	0.7041246253125153	11.942791526537913
9.752612918263566	0.6160853862086284	0.518715951225049	4.183116255348843	0.14330598756872046	34.25383964800581	34.64444920934665	0.9964965478060692	3.4028376480237204	0.4191384333861934	10.6057302758338
9.752612918263566	0.7933130742336112	0.25415239666137124	3.051711631091178	0.06352089333314825	17.285519658763253	7.935492603037851	0.9961433768177185	3.2864298078436076	0.659326022068744	10.321997659326836
9.752612918263566	0.5592435863751146	0.5066966441960977	2.3194614106433566	0.1152230461848044	33.77223529686726	2.197158641232079	0.9976024513654914	3.2488381226296013	0.6624679820641481	11.444527071233278
9.752612918263566	0.7543640924809409	0.3558919359919879	3.592822138514655	0.08160792752534482	30.65925428898095	-13.45169676784078	0.9985330728843304	3.4716316059623296	0.4451908015095848	10.190372406221408
9.336503838055132	0.5170105463357274	0.15596526795598395	2.2760772108981615	0.03648541235822037	11.719562935880962	71.4922427948614	0.9949415545949923	3.3095184779839615	0.828934663197721	10.84723937382799
8.08817659742983	0.5865393766713582	0.47222417939461847	3.091001126537935	0.07665234812630006	8.558227255038968	81.51676034970853	0.9928687577133696	3.308996596690886	0.7922305145708046	10.79423774664222
9.336503838055132	0.40621101271275895	0.22881949346094316	0.9687041493683031	0.043128296819644626	9.097494801904439	89.21148413982982	0.9965706704446652	3.5204666715550808	0.9369571884398549	13.099146892748927
9.336503838055132	0.448199262546861	0.24448603083252496	1.8238717539828453	0.020970423290512866	11.501948290534854	69.97009434349404	0.9952299330117107	3.432774004714812	0.5957388982540419	10.632911244988055
9.336503838055132	0.5069404997808378	0.3389222327383793	2.715234497745105	0.04728008173767514	13.163668541565983	39.30775488175412	0.9939972824485587	3.4228833632971782	0.8000148129588414	12.257016661677389
9.336503838055132	0.35512767112763677	0.1668451244234851	3.0834764426648325	0.07081643192176486	20.384451002946836	71.27559361002301	0.9980747909548523	3.3921265299402643	0.6168531186052767	10.540288872799112
9.336503838055132	0.45740413134870517	0.053289888276230074	1.5512704023194799	0.003234019851043879	11.252430234810774	88.8787911744792	0.9969783853434154	3.3331314831088235	0.748684617799606	9.938098667981178
9.336503838055132	0.4017921709658011	0.35564600995898366	2.358332004094378	0.060018474396133475	18.802349650019067	73.72205084575371	0.9963500320201562	3.3852503428198144	0.8640285667657096	10.755482348071087
9.336503838055132	0.23112460808143348	0.18572105704899566	1.7676510927228106	0.01920474597882843	18.28918940668601	51.528832745410426	0.9951384140981988	3.3681550971208085	0.4829152754053765	10.006513226266806
9.336503838055132	0.32416507497283786	0.5757869304083911	2.509129699052739	0.06940573143427621	23.717175205052946	70.4921431689422	0.9990468331563092	3.4817094829107877	0.6791509137268396	12.259637954274055
9.336503838055132	0.4138117065267015	0.2810342404687706	1.6913391893966372	0.03297487312977816	15.07146269489583	98.52421980622273	0.9942170339544631	3.423473004222881	0.5865082109279622	11.08765921279197
9.336503838055132	0.42216569803422865	0.19030947395887216	2.470322818839392	0.06282209078918168	31.807975644407055	81.09801123507623	0.9955524182001255	3.2236851430128026	1.0243444138131104	10.419492234967773
9.336503838055132	0.38350819327857344	0.30490071639077426	2.0916394281265527	0.04418710848108595	22.92072558538174	63.04707381815837	0.9960459187171222	3.3445839934957884	0.9090769184517976	10.567357043877594
9.336503838055132	0.5821205349244002	0.15079396196418998	1.52595918987534	0.010784661397813908	9.7455355401928	63.64065648090859	0.9934952485075592	3.235347727135461	0.8858514459623389	10.900591180114665
9.336503838055132	0.4699267065754501	0.39769209881583834	3.0939133733466133	0.047091828220920805	10.286193159792106	99.23613641000145	0.9933879075996546	3.463925316155823	0.9099107346798498	13.461149588967904
9.336503838055132	0.4543333181377268	0.3443109179759173	2.0036263629458393	0.07813018398094229	11.428435783369428	88.93679959320286	0.9944083343785587	3.3554738535628044	0.7568132405707008	11.998793245828539
9.336503838055132	0.5269565153810649	0.31003434667570723	2.7503565454330876	0.0460415943321141	29.3109706167031	61.491435137123794	0.9938775579396374	3.2402977664816475	0.8679101445970903	11.2060870910321
9.336503838055132	0.5151199415715377	0.2583051976674213	2.7938872354570305	0.07240717985685405	22.77164028467752	60.746944367884346	0.9951474163220355	3.338983725920074	0.783221448311452	11.27146283548537
9.336503838055132	0.35192857438983344	0.12807767947587395	1.0374211337562202	0.014618839987760104	-1.8168722610143604	76.38561529842606	0.9960384321738295	3.2950128204733824	0.8847342794607287	10.632997106209912
9.336503838055132	0.4229547468746335	0.13589415296704008	1.8810666759323633	0.04798917760880324	11.697774786914406	16.47348043831174	0.9984525580966483	3.548501228640736	0.7200983318068137	11.40492652887054
9.336503838055132	0.5548840494717051	0.407684382205241	4.343738832564077	0.07412070431092004	10.536313166655393	71.99462318293459	0.9955076715727403	3.3451037985884216	0.5959499479581312	10.270800801353415
9.336503838055132	0.5272004643828958	0.27597454938900257	2.6525863246654695	0.0525768563395494	1.2746681160888578	79.50017971441264	0.9959170130168601	3.371782030548564	0.7478256945852894	11.445968192917764
9.336503838055132	0.47021818357246553	0.20455336251729772	3.0975530547586647	0.06739655975007053	18.986075066796005	63.572706071237846	0.9986807226590306	3.409799903089791	0.8675673304086947	11.061949669282855
9.336503838055132	0.47955091529940724	0.33662572944453584	1.9232724316200933	0.05810840457843304	18.12799061501548	94.72678341041659	0.9954193281445896	3.366666461403453	0.7896992395420631	10.845912733772646
9.336503838055132	0.4995223471165413	0.3374602438297056	2.487855497817804	0.07904780550481787	4.965329841476631	53.25526351482835	0.9943644334914143	3.5766092077238616	0.7440154734517135	12.174017480549809
9.336503838055132	0.448363297220506	0.323511002499502	1.7802939061294418	0.04534550808281515	8.16579234636708	50.29206523743423	0.9973477964449295	3.3284592771309582	0.7666245977445251	10.871629011495237
9.336503838055132	0.48317902579905136	0.12350883174171642	3.452850175491602	0.05970212614136891	37.02643900655701	44.81524066352068	0.9968383789065468	3.3240014860351668	0.8683703764204977	9.970537374309092
9.336503838055132	0.7346012791205452	0.21576776110475723	3.5884138848182117	0.05130402925087445	8.659485365744544	92.9953142878629	0.9937315014508589	3.2263241825208624	0.8342424311135332	10.158802413432273
9.336503838055132	0.7679436398483773	0.34954965692630985	2.1779487912982622	0.026584918590773235	-4.106216557055593	92.64756014923472	0.9968125964994677	3.3581931099061473	0.826647284606979	10.492297500441651
8.08817659742983	0.6569468440153081	0.4281617593344328	3.010198192474245	0.06653655226572411	-2.4724466970655783	86.37241256241711	0.996919443267007	3.4916729800894073	0.3576852146296532	11.66500016987272
8.08817659742983	0.5620565707272615	0.3339086401807945	3.2130967604423626	0.10064520737000394	17.525356850805238	110.10065789914862	0.9956386742019891	3.310836865265023	0.23200398319849752	10.086714341693899
8.08817659742983	0.583192228125547	0.349681647990373	2.8412010870975526	0.12084980769993225	15.951968275191355	115.49546778351508	0.996948806607952	3.477004623962325	0.5288786162826279	10.672181810890326
8.08817659742983	0.6354646107937316	0.3971192465018798	2.1420897771052068	0.07223259359116421	17.70260974141524	46.46873655626188	0.9978775545112388	3.407741067232695	0.804117823082616	11.01065684876736
8.08817659742983	0.688118058626845	0.4748707591025477	4.0155604738449036	0.07822262377736798	16.73757036299314	59.00558714051338	0.994978987311456	3.364435867146104	0.6633423847737558	11.20776222663498
8.08817659742983	0.6481318730146658	0.422894070108621	2.5077902160244583	0.05138943527373975	5.532386431655182	124.1159283404393	0.9931270854272244	3.364991722628241	0.588873175769492	10.9265330539888
8.08817659742983	0.7304183949425995	0.39724392434305833	3.315165868876399	0.08346793174343456	26.65096094391099	80.04914466169312	0.993466781587918	3.3650934564499293	0.66067745751738	11.168562369974238
8.08817659742983	0.6717915613784469	0.33057038089603596	2.835928440420687	0.06828487388411117	14.240776328471997	80.35141890677481	0.9951832399147451	3.5701165514488116	0.38652861126374216	11.11963494194321
8.08817659742983	0.6322280805021988	0.6390832275272769	3.094413547346312	0.11461476773470845	9.00262854350178	111.93655834124385	0.9925068664145958	3.312267744860975	0.43544778064424017	10.250098145565872
8.08817659742983	0.656697006589295	0.3133536420169855	4.123159088622652	0.09088333040833217	15.93634857398121	78.22280900763637	0.9940594095130275	3.267186827159463	0.8868968782174788	10.797369155909914
8.08817659742983	0.6376937999483934	0.08280978810419656	5.201511154737733	0.11748200260813005	-26.92802733190227	131.91861299160368	0.9957823946105144	3.3740545263057546	1.0415519493466998	11.595398706461433
8.08817659742983	0.6885155272591386	0.46574294909413194	2.5841056311038892	0.08725147288226108	6.728109621394216	88.4736213645551	0.9928410256691437	3.2851163279454108	0.7970157551333796	10.308788499587953
8.08817659742983	0.6118558152389533	0.5386625396808741	1.8989976880660016	0.08559433298697997	17.343846862447858	89.4802950983092	0.9943937239783311	3.467007152594644	0.49738614943611975	10.796377542975145
8.08817659742983	0.623136353564997	0.28155468975805903	3.488763872699669	0.07989220144296928	21.155066369086917	148.27348447324277	0.9941279398130649	3.4067016457929236	0.6252924639281879	9.212835661176035
8.08817659742983	0.5099642055983591	0.3459150860246728	2.7729707313753402	0.06637623369518317	19.8412676708356	137.28260000972773	0.9912385743938047	3.263772043667844	0.6419846455331873	9.94551135346809
8.08817659742983	0.6454152064580693	0.3959172048397409	4.437548799015122	0.11226368603328706	17.129595696663092	83.041495335306	0.9940133705185328	3.4293782845181657	0.45024938730607866	10.236947910194928
10.168721998472	0.41818848810092996	0.45749867728222304	0.9865373340897632	0.1740841794847341	20.657141074689463	22.94318389675203	0.9986786795786736	3.585329060837354	0.32137182887166765	11.336067512495305
10.168721998472	0.39449010437823784	-0.17853246830485736	0.25992448097856835	0.2168577573935958	1.569766904982787	61.642370186677915	0.9980429727499124	3.09921692647797	0.5727622303352358	10.245459956032272
10.168721998472	0.3573619075030262	0.40439544934793903	0.4104281920213593	0.23788170656558247	22.11551974862372	54.30873735230889	0.99505080396168	3.333828897712048	0.5035624680572224	11.52156815698539
10.168721998472	0.533668898346961	0.06075648709739001	0.5697654675442883	0.15156969935460596	26.83086366066987	36.01506986373214	0.9984774314121576	3.1722929534567275	0.4615365822138653	8.567369716989248
10.168721998472	0.5219139212725289	0.32019498549951686	1.979784066721477	0.18443074602175663	26.551049466166322	71.05584597272144	0.997404760376093	2.966624348865686	0.4031717115422092	10.034833961052367
