-1.9577318480663255	0.5928535585109111	4.971607101218021	4.6978412043444076	3.4008274203704247	0.23750720523878208
-1.9577318480663255	0.5882142064219749	4.954610151272515	4.665535348336836	3.4838451131908044	0.27823659602482376
-1.9577318480663255	0.5967352082251168	5.029634902006386	4.495142102739322	3.4931514405591533	0.2997770353916235
-1.9577318480663255	0.586358151552563	4.841024824792901	4.265879173934014	3.278986064212379	0.3432024102439373
-1.9577318480663255	0.5967852238582428	5.0874899304949865	4.627633918082525	3.395276097310528	0.2464416171830468
-1.9577318480663255	0.5951670687690597	4.853396316070169	4.924195829794163	3.6705491405483355	0.19085115843777775
-1.9577318480663255	0.5952734956024879	5.03702415869886	4.433091642574839	3.4562726190800914	0.1809077006833557
-1.9577318480663255	0.5864401833183792	4.901783623689603	4.72313990842764	3.703427726490079	0.24547392240950983
-1.9577318480663255	0.5921301700774371	5.041591449202785	4.505946503142915	3.2850782803456213	0.3207958420711547
0.2959840970147507	0.5746032905668589	5.1105804007619335	3.3621207645281097	3.178780430988166	0.344587468679162
0.6716034211949302	0.5514439461049988	4.723016315105962	3.414357477231055	3.260938430137674	0.31305060312299265
-1.5821125238861462	0.545830476371198	4.661319673298767	3.6356862566405805	2.698231643449981	0.10784720537629591
-0.8308738755257874	0.5031471120833783	4.023769100850429	3.683365026245933	3.0842592180956454	0.43665109454410056
-1.2064931997059667	0.5459068019124079	4.701647644853549	3.5212348949393655	2.931972207106752	0.3038430097824186
-2.708970496426684	0.5513910582111649	4.805267328742394	3.2361476452010063	3.140263504453703	0.1647041905867279
-1.2064931997059667	0.5358208775852017	4.471795165721231	3.6727780174956592	3.0955625978422923	0.33409252957543256
-1.5821125238861462	0.530382730645008	4.3143780320370855	2.7898253164467013	2.988174458351983	0.4168223235387657
-5.33830576568794	0.5600822893322587	4.735482406481387	4.4479647080491596	3.5682479669200373	0.1280298469356289
-3.4602091447870427	0.5450084736534211	4.915478510551483	4.500677427435465	3.6151209498109935	0.24309149307432792
-7.216402386588836	0.5536657738013528	4.824096100907554	3.990917841843319	2.992906234466379	0.3518787089025944
-2.333351172246505	0.5441413572941263	4.357391405905702	3.821487884382229	2.913442812327597	0.3595805838985843
-2.333351172246505	0.5600571666252673	4.8524263437701665	3.8671031362410617	3.0069425580450426	0.3544382748063305
-0.4552545513456083	0.5630421731401015	4.645664279027596	3.520706625000615	2.9075525164239293	0.5738455523405437
-2.333351172246505	0.5288926783833949	4.320727637562221	4.284459524621006	3.2572892312384503	0.36915027199098227
-3.4602091447870427	0.5709161886445981	4.93838341264006	3.741105940582823	3.1144962286148363	0.3047161550368961
-3.4602091447870427	0.5641062882871454	4.924206696689931	3.616396300135461	3.1998080200278345	0.20541684541775357
-3.8358284689672226	0.5771522879062416	5.064588660424354	3.7381532428215674	2.965042429387827	0.11785668676081545
-3.4602091447870427	0.5678634350738682	4.872570856343654	3.4539871182787665	3.0730232769369366	0.2716675899013603
-3.4602091447870427	0.5594983395819483	4.835362005922488	3.145842964499608	3.2106330011110726	0.32260131229733124
-3.4602091447870427	0.5493916200872172	4.764189988069843	3.325042862244123	3.0096060856179205	0.16443399980780973
-3.4602091447870427	0.575925641099943	4.86722284961324	3.9335970301233503	3.0316559329011445	0.38100076593913507
